7978
1305
9736
21053
27409
216340
15914
31781
56693
610
44381
21809
20021
466
22100
9434
55120
39085
98920
79850
32114
72481
3842
19188
13042
59105
36185
37850
2178
23588
21370
22468
39797
2817
130
47970
3825
3653
2482
8281
26365
50024
22433
23985
17506
8033
159496
15002
1928
13028
48505
36434
7380
13189
12105
28297
34945
195533
59893
35944
8829
2509
83665
10845
22898
11245
58852
48016
182170
40129
28645
29097
7253
114850
9364
8669
21709
65288
33125
6740
12625
365
21618
17690
40778
20225
49477
1669
13252
68900
196025
13940
19325
16180
56405
11860
107604
6929
91521
27956
27770
35137
4597
50405
79417
26269
88490
41413
69593
93721
29097
38036
36880
175450
10429
202
36145
60106
9106
54466
14381
5629
18896
39418
87617
1769
14057
7605
31824
5777
932
25664
37817
15041
55093
42514
103370
59057
39065
5690
4616
39220
38889
143973
58417
325
5009
7517
87568
31450
279045
17146
60944
15866
68290
1156
102874
24314
101777
8761
38930
32266
45209
4640
9225
102625
155258
53810
145898
59573
33700
2925
63841
81685
22612
12200
44721
21352
13844
26714
97253
6602
9034
41453
20785
22313
8578
9605
16106
29269
33601
220061
56845
8450
24917
19981
40970
5321
30617
11185
36985
12226
44345
54749
13117
93661
17485
2473
10565
9506
32413
27469
61685
100745
37274
24417
20420
49481
1429
18233
28304
18901
85648
9010
10933
25433
37010
6464
11972
3880
2664
44356
15044
6617
4537
34280
8537
11402
34901
104661
24469
788
1945
8658
113497
24557
21960
24625
14834
4964
111546
11258
18853
55696
28673
5906
35258
17306
21860
130338
56825
79540
2952
35293
2000
29042
22426
20970
79624
388
7433
7120
62450
56660
2810
17890
55505
11016
116833
164546
1073
8021
35333
72301
102986
41621
69185
150773
2269
1417
13298
53689
127570
24341
6786
27092
3880
34425
61445
27040
76100
82625
22048
44613
15338
40450
90866
34085
80873
19125
4733
10242
3145
29556
74194
26897
64633
7501
56785
65561
11972
33205
74500
20200
99208
113824
31841
79061
45266
50285
1465
2258
57965
13250
15028
126100
15805
7141
51853
11156
57808
18925
51805
12740
33853
83665
46085
107194
69802
19045
7888
9594
19625
4553
60164
18020
4274
2900
20025
7300
8725
80677
23113
15520
18713
13309
39889
45082
2557
24785
32517
13204
17960
15300
64349
48865
71642
10825
160484
10949
109885
51701
33842
19433
59453
32212
30794
23225
27728
17908
20648
6898
4549
72986
43668
61090
3485
65165
34564
5050
38792
20906
21220
43685
7956
50404
37442
65705
42209
72953
29732
13445
83682
40165
10282
104450
22468
79760
5597
54341
9953
85396
44180
33296
6057
42704
40154
2837
13061
58141
52389
17929
29402
3258
72890
3125
64978
70625
143837
29290
60793
14994
22304
70297
2873
2561
11106
16690
11680
12500
1777
7760
15997
2725
39700
170528
2825
3970
10852
25133
24866
13600
14914
18077
107461
2218
7033
17266
8320
54914
50354
17810
35050
1450
71842
55130
21706
6113
1706
8245
14690
31117
6970
39874
13172
24548
29930
14661
2125
21125
10882
18089
30160
93785
122228
23108
4625
43553
2501
92578
25000
42233
12625
114129
95888
33354
19610
31657
2669
13450
66890
1649
16237
50513
33178
184328
54500
21257
11245
44320
28085
16162
25876
15250
61074
8644
9945
23076
14948
71009
11016
1058
9409
108448
56594
27365
30056
35125
17482
64090
11860
17285
26500
128180
31997
1721
21805
52993
8242
21437
53901
6485
27578
48425
409
47249
17837
17901
14130
14093
43541
48373
13789
32930
18434
11737
4869
60805
16705
33025
39780
4000
31914
21465
2341
11162
23965
34801
5993
79425
52777
10205
40805
60685
21506
17914
11762
30634
22069
20722
13978
15377
31057
3485
20225
5876
26420
116000
42505
5328
14642
33620
67538
84116
44725
3217
26977
81761
74786
5365
27365
16749
81461
66532
6610
13032
8857
35802
78370
17866
2020
86930
59517
22090
21892
7897
1681
47588
75778
15826
28393
82682
6885
33610
27234
4357
57485
24200
51145
42453
82450
19853
5204
25477
36004
4373
46826
4736
47458
5380
2197
4625
50794
16325
9349
90250
71570
4850
765
7650
27725
3208
9193
139364
122000
45289
46889
71656
3185
37874
64705
21754
15385
18154
49045
42953
53125
22450
3770
42082
2137
16976
63233
11834
20162
32976
1585
14157
77029
14480
50813
25604
37021
5365
37746
14761
1465
20785
6994
11713
78322
10361
20128
134186
31904
32404
88981
14909
139577
233
5309
31802
3442
16589
20765
40820
7289
2320
32017
25316
3137
17905
4580
26705
49653
42201
8290
52841
7300
62477
36628
116593
51085
41242
109922
15769
95026
26248
100645
25780
20681
31048
1394
21533
5458
10706
10805
20260
15892
164564
28685
3349
73333
29665
8500
38845
8105
18250
17225
6980
18850
1017
75690
40276
36073
5365
78026
27674
61988
505
24905
62945
59809
140425
62218
21313
19450
7745
8704
31412
2925
10874
32741
10421
9225
50500
13000
15725
3649
9497
9028
17714
6760
5044
6772
111365
63513
63005
17245
13012
12490
4450
46853
445
15370
48373
136561
48490
433
3393
24509
10388
4685
7569
6737
48665
46600
7573
50450
53621
2210
7082
42704
57485
9146
38845
724
20276
13325
82921
72241
21460
18721
7754
13736
10280
17858
9620
11393
38729
2997
21312
10132
91562
29125
54125
31954
2754
27458
4905
63050
8653
106301
62345
56052
8500
730
24644
2952
29684
36530
62386
38749
14157
37573
29938
97353
11657
36809
120625
16133
36229
110452
13544
32418
493
69620
7970
12308
42170
1924
46313
31232
6400
27997
71837
28585
180185
52733
49237
36368
4285
68788
6269
49426
52378
3805
37892
85544
17960
4736
21277
11621
13725
22276
54113
4072
44676
133280
23200
31345
32404
79330
36004
16020
13005
76436
19769
81386
84820
129586
25604
34081
35533
27410
4240
53410
4325
33818
13730
35525
67457
14912
36581
24345
27145
28645
2842
21008
121753
9433
14450
22829
10468
30736
24548
35360
250
28445
49129
24916
1300
46665
66265
10388
21377
22338
75690
40781
48218
58189
26442
26626
36482
15626
27529
39826
61648
9605
16642
25930
55994
10121
32193
6442
46337
2624
32389
37538
39784
39418
3573
84514
34714
12645
3877
67616
3865
3737
18178
34084
13520
39860
126061
48548
30848
48385
14185
26449
36964
28808
52765
6161
30218
88705
26308
31753
19072
7177
3665
1300
44417
6980
47609
54553
8080
5042
97010
1585
21709
5189
7858
48253
10917
94610
24404
18085
32554
10048
31076
32189
21402
30413
21466
45421
1157
52
123688
7538
2740
11565
1865
12025
12002
170857
16388
98977
77405
16276
8125
6938
32084
88349
530
45613
40781
20410
13394
9704
146189
38981
14912
27010
6066
5021
14500
36829
1040
12706
36658
34933
61837
30465
120200
11105
7465
33058
10565
75464
57425
62002
802
28288
2353
41236
78553
39220
69032
72621
27389
38996
29905
1973
65349
3677
290
10440
18226
29549
26441
19746
38425
1145
1082
11441
54353
29461
15602
628
34576
13960
73826
81602
32125
53633
6266
68841
57485
20740
27536
11956
3060
45373
45721
61513
40625
139880
3434
18549
35921
965
142522
15754
15533
14625
21562
35153
79560
2704
4545
32050
68445
488
44717
43105
36482
22381
22500
37613
26090
14381
56137
20353
26260
97344
52289
22721
12497
44186
48529
12682
19930
7765
17908
2474
57149
25092
34418
31058
6002
2306
802
20773
7274
47312
62730
14677
186905
18265
30050
48610
13005
50500
22525
38810
15237
20458
8577
60658
58138
39632
3725
23509
84218
70429
17000
5536
13345
17905
83570
39440
29690
11821
103041
41301
20005
106576
24525
7058
22321
23013
57028
85
18580
13320
86873
4450
24389
629
44260
27850
85322
35146
39240
5578
4680
32113
24469
19825
37021
23026
10562
745
51538
19373
7240
166186
3530
6245
2425
113786
9461
32201
14213
2285
120205
7954
8210
34570
9041
73642
11285
34850
54202
30082
44125
20250
18244
10018
31076
13465
119857
64021
51848
44525
13325
10897
11329
3700
30914
99226
29817
10930
12506
709
746
25101
1937
116441
4948
6401
44746
69493
49988
51930
26626
32413
43732
62500
52853
38581
30865
701
730
15641
25352
65245
29957
60485
68185
23273
144484
20432
11728
123866
5194
34481
101348
3809
176593
865
10426
43537
61317
53810
104392
2665
45377
73825
42305
8660
61258
42341
27161
81572
40309
29696
24733
22100
62329
38020
16490
300877
28429
1508
9005
7225
5733
4068
57185
37585
6660
34373
22285
14569
46800
105652
4106
48105
26777
131794
5584
99369
77876
27914
51140
21097
6170
30625
11170
32882
14557
1732
26093
14922
69241
72945
2165
61153
1684
80272
83474
2218
78165
2873
11290
2426
1192
39348
3893
64765
31810
4889
28409
4581
11978
14033
10816
12385
62389
43560
13940
10244
7109
22756
21380
10753
22600
1170
28793
60320
57521
13729
4813
51309
50801
5989
8744
75386
47312
62577
32672
17197
78317
7873
17261
1732
15185
19970
33354
1802
51713
2341
36392
12049
19520
14152
82561
117730
17945
2770
47981
1856
46625
14642
1585
10170
17069
1184
10645
109000
71245
35066
68980
800
116365
185684
16580
20610
6317
11965
10954
30260
42029
16020
6084
30073
9914
5960
1210
71738
2525
9721
4453
25700
3589
43913
15689
56836
2529
4597
30528
69602
8192
49205
10769
26074
59130
27464
40450
32546
1282
4352
10121
53901
32909
7880
60877
7477
17620
67106
78498
28298
84717
17113
1305
221
43877
68725
9316
7684
51922
25128
4436
95713
62449
54760
7913
64409
33577
8685
26901
94312
40877
6850
43922
24021
14660
6317
31373
38857
11700
3250
10625
4153
45373
41600
99133
56393
66265
127997
37837
14032
14240
26545
51545
83509
33569
6977
41650
79605
11002
109045
14409
1970
57073
22265
27585
46001
9050
50794
27850
11401
25345
64346
11876
13568
9061
3722
117169
5364
55386
39440
28100
31060
30276
9146
32418
38144
136909
17476
1028
2932
9437
43877
31298
52309
67204
20362
33104
90145
9389
13973
628
18965
11834
12794
22276
11890
29380
13
11034
89722
34373
4432
52945
10093
10485
4420
28288
24394
11281
19625
2450
370
16938
8109
43209
17177
64805
28909
65
17417
4981
62900
18685
78049
4240
22706
6597
673
20645
93762
46800
89570
19892
10084
55757
27677
24480
3145
4616
90445
6760
9378
31645
31685
13940
136480
151730
38845
10970
164660
34418
29890
51332
81625
7712
16704
36865
9412
10517
48997
15445
160848
54338
31697
59860
5410
32818
31925
12013
52361
9413
13994
25426
64634
4756
9125
7570
11700
65449
18896
24445
11826
4250
22865
5729
26561
7540
14500
27112
7633
28426
17284
17684
18857
26645
7141
2720
11080
11969
54290
1552
45376
27074
64585
24930
48265
18281
79412
44372
39784
35965
31952
126340
10100
85840
80210
42841
20978
33178
37825
4793
41812
38740
26221
52889
32276
49617
75429
6626
74269
19073
14900
36000
40144
2048
25169
5185
9640
83929
35221
6920
38900
39880
1069
41650
9104
976
18980
32744
6058
1105
70137
55565
442
40000
35269
10397
37925
8500
7381
7985
14417
7610
5480
16850
544
56016
10229
51156
15700
57188
22180
1189
26029
14930
42965
4121
47081
47330
144209
82165
1394
8584
3613
3865
8705
425
4090
8145
8762
61625
37141
48061
85397
55940
18226
31265
8577
79778
59456
73449
28850
22802
42100
55001
7274
14589
33218
584
20530
2378
43040
15289
20513
84200
86120
6682
56498
33104
28925
9225
68869
50714
11250
7025
16400
6125
6260
65530
12605
28906
10805
57465
6500
65025
21221
41810
15266
57250
4365
69165
37481
40189
40501
62957
114245
29200
47485
8266
7844
26365
2740
38660
95048
25453
80330
48581
162461
52378
410
11713
809
15737
18010
50753
3250
74005
12146
41320
59112
14557
35780
56745
74737
57330
33905
72701
4306
3185
12041
11601
36626
18625
50128
3853
119248
8125
53362
120149
32544
7157
2516
53056
14157
36452
18785
43300
37481
42929
27329
6920
18080
112306
36628
17893
106714
22725
55058
9490
76932
66970
56961
21425
421
21412
8957
13252
6977
21608
8281
107469
8180
52106
314
8669
8948
53677
2834
8136
64025
4420
47338
44225
5274
9220
24212
46954
26338
370
28097
11530
144733
53833
54913
9370
17945
130600
15776
14932
26384
7481
44585
55962
10289
5300
10018
2545
3125
16946
17749
60761
5465
24938
28346
4901
5386
75112
61650
31586
9640
19042
44657
33952
19108
47669
8469
15325
9512
1570
30197
12725
67280
1201
42589
63890
325
82714
26914
55285
42682
6154
17153
59138
29341
35209
52292
9490
25160
61114
58090
4817
35149
23508
30676
13396
52897
35152
16641
42874
2920
61965
90484
10034
250
10121
6529
97828
10825
10196
11417
23665
9629
533
17698
71930
16916
96874
3706
45821
39365
850
11925
244997
15073
33050
58441
27625
87589
68482
52610
2353
25930
38845
58725
6709
164425
6689
76913
17777
53901
88106
18405
1321
27682
35957
27914
11458
2960
962
13625
10018
50125
36562
32980
15714
16165
23234
38601
2216
8993
53456
56746
14760
81805
95373
42440
39400
41953
59933
2960
2313
14330
35249
23090
5617
10890
22049
78433
48449
12370
27976
32045
27857
23409
37333
18625
19610
68
8681
113749
35605
34429
62660
71077
7209
21130
14132
18976
8425
49050
204397
62053
23377
416
12821
33466
52625
28685
13234
2245
2048
2393
24226
51829
46349
4385
41093
37832
74341
2340
26705
50053
11978
72845
1025
30160
17981
8420
44474
656
63869
14050
84818
17753
26361
73069
47385
1844
11545
84033
141649
85850
6413
41588
52468
16930
2106
41248
22450
41026
7765
32948
59274
12708
5954
35828
85765
41738
6932
15248
122825
40906
31105
20353
12325
48080
2458
183773
35506
26281
31466
49108
14481
115954
10090
20857
44533
13058
424096
53530
3845
2637
23809
90074
4045
514
51641
712
39005
11808
7417
21661
6661
4346
17384
62324
3025
49490
11509
169156
103696
55093
9245
11434
4405
32833
39362
28085
177890
38557
16762
52853
13204
121320
4717
56869
46922
34610
10865
3460
13250
11930
162180
38898
15210
9850
16072
13793
222713
4745
24938
9466
9314
40289
4645
12832
25801
40925
71780
23528
71485
117584
18098
9653
44525
30005
1565
56052
3258
96769
78282
62005
7844
5765
7120
39833
129205
42696
104410
39194
9764
75514
10512
22228
28324
33305
5392
82721
4253
34858
19769
77282
62306
21437
31805
25
2917
12340
16186
2122
17810
143236
26977
18397
7250
11034
134432
63380
53425
46282
47330
7592
92209
4813
1525
34952
70001
124373
78282
83953
11453
8356
37994
61489
22829
2917
41821
69970
51857
24680
35225
7748
32941
7732
32324
44104
13896
16465
44665
3488
52996
25748
19845
5954
22997
10490
548
49637
74633
15188
47153
45985
5018
79186
1681
61282
16705
33064
26729
325
6458
19108
38857
33857
4946
37325
57562
38708
75748
6586
2858
9801
20018
1802
2725
4149
15529
30029
28642
30500
8644
35557
25490
53261
53885
16781
27541
26437
182521
7450
1690
75728
38034
41834
11885
20477
13625
25205
14992
50993
8674
49393
7373
16993
60772
29333
13540
18080
65600
1796
13949
19792
134388
63277
122665
1989
10645
17866
15860
15184
4680
4394
71381
2600
65738
84485
34493
29945
38961
187538
8865
10004
1530
57161
75700
15208
7465
25153
34597
9530
16708
226
71825
29242
7297
13250
15956
10016
25749
33140
47524
13514
3400
34337
19156
5618
56869
14888
8885
69480
10217
107585
85021
106641
185890
30545
3490
75898
126113
79661
26370
41320
25805
33104
2061
82097
31313
58721
4516
10777
56537
18225
76738
15250
10985
21346
64153
53140
35753
2504
51412
22898
272
22685
42341
56986
17690
28186
18685
38900
49850
3816
43506
88658
51533
4264
4765
30568
16865
78741
16820
51493
6728
49010
15880
16084
11353
35705
7897
36242
10037
25028
24634
7730
4869
12325
20000
108557
24121
75058
70330
27997
37850
95849
13969
94253
1114
18954
48178
91370
5140
60065
16801
64925
9865
16477
62729
9472
37274
32761
41221
16130
4612
52816
1234
1130
9680
70394
9972
386
25337
125185
111508
2000
82196
820
33434
17044
7300
21226
8704
24634
37556
79880
11717
18325
45469
53380
11268
31898
2125
39565
25780
12416
1666
11821
1321
32418
71042
2125
82186
70250
27701
47232
60245
15217
5125
42289
69800
28769
5141
75368
2848
19945
204025
101456
80441
27562
8912
13833
11492
7460
3778
13401
10225
110324
36569
97124
4141
65858
96610
3265
7585
5545
15338
47176
43304
60304
66149
4388
11745
3316
46733
24770
3112
58708
22397
13289
1170
14009
49145
5938
115649
7272
10804
2529
23365
10404
16970
39202
16513
101
53281
3961
44789
82960
40885
9385
93736
61840
31685
9445
209261
34786
1921
4705
63145
80288
29665
1073
55274
181124
25348
3920
6410
21922
47305
34669
12137
59746
42248
1040
44945
3280
23360
26365
66170
46337
676
46098
60497
24770
33361
50420
40196
35360
12277
34164
19697
146997
36100
601
3501
80957
53906
18052
82868
35802
1402
6322
77445
50125
36490
7265
253325
8285
10313
8325
8361
54122
27557
52100
27880
86186
84253
26408
34292
14185
47437
107802
41940
3506
2180
53609
13313
866
9602
51554
69625
13410
72250
13465
15329
6865
3925
20880
5476
1537
27565
34229
22826
6581
86681
18241
55469
6957
50170
7561
39125
157085
34640
13645
11645
56065
47889
16648
4768
26890
122057
45113
34933
5770
1921
6628
46513
26074
39752
11986
123205
2533
36836
63053
1450
16354
61025
1025
46114
37181
51714
2701
2450
27145
12448
818
35300
20264
118049
23809
48533
80665
76040
37250
11441
50069
3257
65473
50170
5941
23273
35828
51242
9113
48218
28981
153680
3281
38800
117693
19181
15058
30532
30290
6932
8392
1280
14585
7785
4801
16208
79285
2789
94421
109514
100880
31501
82141
7025
51586
56681
42650
35600
17698
9005
4496
5381
56840
56065
20513
77850
116957
14153
41362
9760
19265
27898
20105
7592
102785
21188
22525
229066
8849
16196
11745
13282
66250
132500
38970
92548
63908
17165
39236
20869
31685
14737
14549
26497
58418
13261
1201
14081
56720
10305
640
60394
38900
9089
36634
3425
24608
34373
6565
18497
46825
29520
28145
30557
39220
41725
44649
6565
4001
10376
22509
2533
34165
18513
75458
10309
8689
1685
188218
6514
15098
92293
165364
15530
23797
46685
4925
37157
18640
754
30377
63376
79186
24781
20997
103780
26129
11665
5090
39493
38938
58393
5156
59306
7857
12424
68436
27781
102313
29008
22714
19061
66186
4250
4925
45530
42029
13610
61045
58097
81737
55810
22468
20890
5200
60386
102409
5732
12821
5690
34450
6845
58225
78329
33265
24692
34273
1418
6245
168650
27658
221
24509
23840
8177
37706
36829
40877
13705
27194
49300
43144
24973
39161
25985
91141
107474
32045
208532
31784
18728
9469
10309
20114
3748
20880
40105
86909
39797
27450
39925
8821
5165
85585
7114
6893
10525
21025
121012
12850
6626
36104
19517
44914
63229
37666
31265
5185
71842
24037
7569
5096
4072
76576
1765
15424
5274
22490
63810
56033
138041
8276
10088
93330
89000
71378
24050
21433
48985
82580
5850
27625
17245
27700
9061
32825
93145
1000
5113
85761
15714
7690
31120
113314
80426
43664
17433
11897
2554
10852
10658
76837
3506
73012
30740
77705
18530
30698
5290
11810
71504
44882
12389
24658
110324
46737
10116
29005
14985
7825
136456
78173
48130
21410
63845
33665
180
1970
34841
47125
57313
69485
23857
4141
30673
13681
11860
21625
34945
67842
32777
1690
21170
14797
2050
58580
40805
11050
6682
4849
37456
31385
123377
4276
21320
37853
19408
15370
29353
67729
7829
140608
11405
49988
24004
52442
24925
56209
26329
85
18650
60689
13736
70760
70282
25826
37826
18250
207250
102100
14738
62201
65889
16405
17009
69653
42809
533
4292
53300
11981
26449
6408
17338
394
17810
57265
34425
57825
8528
78965
2042
38250
28100
43892
9657
1972
22265
3026
58757
53024
30565
38788
74021
21256
20530
32017
70810
48968
16781
46514
1924
109930
7085
5645
18365
25285
101524
148993
221377
20738
16298
46826
1108
72173
41330
4240
75188
12545
884
66545
18125
40057
54916
48626
107434
82717
23633
42986
7488
6068
27560
1682
8450
7753
95897
65605
46472
102402
127780
146530
18625
116605
71012
7865
30250
9973
3673
9298
14458
1258
92585
87165
111124
14825
28145
34052
6400
545
17914
360
15028
11026
5314
64804
139113
39929
13289
4545
8324
36569
60817
4033
43705
30625
12073
34112
6948
13897
61840
54260
16477
9997
33853
16960
42376
5309
16645
24949
14482
20474
190577
692
35617
78010
10610
38554
47312
1553
2725
66260
13285
36905
45776
149113
33965
17316
45370
93250
13770
67077
6637
24505
20609
19825
75332
30557
57232
14933
61928
40658
35946
241
8221
42786
19585
3418
39785
4261
8541
63853
57073
29332
8893
4373
10845
49610
17104
5000
76424
119810
59714
800
88866
20384
48105
2665
6154
46952
33490
15685
27977
11105
34850
2720
11425
33949
31954
47045
9181
54581
13540
29665
80852
12170
33602
44146
59845
6130
18610
36457
20809
46813
3104
3770
20557
7605
4357
4901
8746
28597
22480
63205
23445
65257
14992
19769
3177
6224
20525
26129
3330
12557
10548
841
125000
7738
55925
32050
17425
3737
4365
15237
13730
10573
866
10201
65650
66389
8941
39185
4745
49348
11221
108365
172189
16084
42365
12520
34858
76064
28729
21690
2333
26330
119560
59170
7018
26361
74324
49556
9673
30890
22346
19825
76816
493
82025
17029
21682
11152
136737
15229
22600
105473
15901
20225
15080
21194
130
10778
3492
3880
7250
62794
29273
33197
63725
20772
6733
11425
26077
32929
9005
31778
110890
61049
49297
48584
20761
8402
62938
12545
15689
30500
6053
9754
27449
62941
229841
8420
88261
6525
72593
20880
9028
85444
21268
31841
17797
55989
24986
127777
62761
19024
10205
9650
29314
25633
28522
32554
25285
5954
114593
29930
3973
77156
24154
5897
3988
12490
28836
8212
2249
30196
19517
641
31033
28825
15273
9722
8009
16745
4520
76409
84501
17384
158096
13780
1381
56405
15508
8973
44945
9224
3145
52340
8164
55829
1157
27620
16441
152164
77090
4880
15453
8410
106522
84164
5380
8330
15457
62280
71125
23476
22018
66100
40409
2500
35641
425
33172
26120
17261
7514
8392
4018
11425
1258
9881
1737
35048
9333
16133
5594
30258
29045
68850
32882
58165
2756
4141
137012
43220
41634
47381
9050
25505
8116
84708
59540
17705
17021
29044
19346
11240
42881
49613
7328
4957
22084
19073
10445
37186
21026
54585
5832
11570
104458
3298
89104
93193
67522
27845
187441
16724
41652
182101
116669
21460
1037
73305
53381
60877
1962
10522
45713
98426
82048
173522
71945
10573
3869
155285
8125
10309
62500
174170
23141
61625
10082
38810
151546
7873
77125
5765
59194
936
30952
37925
5085
2741
42705
10426
60100
60794
51649
38821
66565
120625
104040
14365
39605
70820
29401
44530
12357
11258
12181
370
4633
38308
3488
6362
4608
88465
80642
43265
12373
9001
6920
10889
14144
5657
1930
13985
76985
16714
27716
88778
139642
4360
49556
4705
11810
21541
41992
135085
9505
46864
6949
95848
42577
34829
3805
78245
12634
5194
73593
22949
144625
41885
5185
40324
6154
77146
50580
26965
22213
17833
70586
85264
1394
51401
57529
2018
11861
10441
13037
42509
4097
26728
2425
21818
52186
74273
39338
93109
56621
14600
15700
105632
11752
42148
130708
2452
18037
425
47464
28285
3889
13833
15473
20980
14600
34792
28249
4240
25082
44500
16538
27920
30425
182565
49640
38692
13633
23850
20341
59330
9197
77620
28970
108485
13653
8362
88601
95965
48373
48074
37333
18836
28565
108445
60650
5032
36496
56074
42074
106
148241
25
37162
13117
85865
86122
29248
27098
163633
47560
35173
34729
19720
27938
30029
226
10949
15802
42397
145661
27625
28594
12704
23042
144621
33266
34697
89402
43753
15041
73457
2036
62845
34645
53465
2420
3250
92480
14612
20205
34057
6562
4594
104530
37485
49405
11441
31697
14045
42554
290
100517
34849
12321
5634
4297
5417
46125
22261
38077
40840
1370
7741
63208
8608
24272
1313
52889
4570
22580
49586
133970
9010
86788
20488
9544
22312
1160
16570
81817
81380
48229
38602
9721
49876
4205
98257
26338
9197
14228
79380
35221
58741
41617
99137
1156
51778
26989
2228
4580
73034
223682
50641
93850
38293
19012
9649
39442
55234
2825
5044
103338
5960
33620
13000
133533
19417
37746
54749
15937
28580
21905
43506
50609
3706
11444
21386
23764
76772
9689
100178
17266
51193
3578
12116
33280
18421
23824
4932
16000
59085
32257
6850
10001
21325
3893
37154
44432
11933
36941
11602
100010
7650
18405
3853
45860
30994
22313
55250
30565
10242
38666
15826
18629
180116
35361
40954
45985
30586
4562
92401
45349
3380
36661
11645
7720
18233
685
29333
40680
10777
45490
733
9061
1865
17810
45890
53129
18218
37096
53541
15602
266633
325
38986
38545
13885
130781
71045
67106
91085
21269
91009
30169
3560
87130
53370
20725
23533
92250
3893
19169
2612
23113
44834
28845
31429
28649
25009
95642
38889
97634
51012
7450
84482
241
66301
28090
46720
5108
24085
36881
31760
33476
94690
94293
87073
6241
40169
22753
45585
1321
90792
5365
53378
12290
50258
32320
11365
6452
46661
106417
5584
845
41165
6961
936
56277
16250
46850
2425
90
4932
34493
91213
6800
34306
18405
10525
53657
829
2617
1440
6610
13553
23461
63145
16200
38618
7913
53225
23956
50813
83044
16861
20357
78325
10730
12290
15413
155753
41780
36880
19944
7808
13250
35425
29045
9314
2533
12545
12077
33344
68393
13954
10201
81674
20417
1853
2824
121073
7225
12069
25768
20498
1033
14885
44514
15689
19001
1972
90626
26577
5389
24592
6676
5185
98545
15025
69277
9620
41485
26533
9172
8465
38029
12833
8957
37349
87649
51365
8741
63945
25778
11810
65413
144461
19242
6245
16025
3889
31013
26737
39962
4241
32045
100880
263941
2741
169877
55562
5300
8905
2402
108800
4905
1170
338
95642
11944
40004
53776
9293
65140
35138
557
23076
2248
170
78548
8584
15629
39434
4680
59557
2665
161320
27653
83273
12500
59930
65473
44530
130381
5650
28962
26441
35082
6065
32405
44945
32701
2137
163018
58356
16360
37265
2441
21217
29968
6050
42184
34330
12205
21853
181000
850
10309
63706
18884
1537
20402
80114
55060
35369
12266
19417
1781
31400
2036
14760
4250
39240
105625
13428
61412
5780
3226
21325
21257
2117
22093
83450
53825
38233
18020
89165
9061
27684
14760
3125
11261
19882
9892
30032
13226
35828
7801
3200
6728
82633
2834
14929
9188
60485
212921
27261
4581
1000
53569
33332
2312
27880
23797
15440
72189
135236
10370
19109
22437
12050
49034
123344
218522
3445
5994
9413
4597
6970
1508
21970
36341
8210
3152
110105
69218
15677
9565
102341
6458
4925
4616
6889
18148
35360
2522
37792
14170
94570
19841
18730
22045
11425
21146
51844
49025
821
32345
31057
2402
93050
20484
42250
6829
27716
23985
7380
30545
16829
28370
2120
63108
2980
60826
15353
24845
18850
40833
138825
30634
111394
105057
25957
54433
91778
51025
22730
11701
2425
53026
49069
146932
78277
1961
6322
23378
50881
92648
6085
11821
5141
8874
27457
5945
31205
43537
34850
13780
36121
49909
8021
2125
25961
67289
776
53737
21170
26905
3602
9225
51572
7081
157456
7650
14354
15453
709
63017
3994
182845
32941
77445
4450
2081
8945
42170
47764
19865
46085
18162
5513
17221
1845
37026
41197
2017
1732
2554
37485
4801
13445
38545
3200
105445
34785
52058
7225
997
95642
23165
10865
65620
3380
70325
50989
23765
49394
89728
53453
1466
28465
6217
14834
21437
51229
99353
113672
88720
8741
49810
19037
18785
45370
64250
15858
93844
46561
24914
74257
15776
56225
24704
34250
10370
11026
27593
12136
61381
49010
95173
14909
59866
26930
24281
43560
40228
51241
6322
17393
52513
34856
2785
83912
4072
19429
15122
111330
34025
27941
4649
4469
5882
3545
27065
30986
22048
15602
40613
26100
60541
12644
61645
9725
7789
7010
37988
98282
40256
9360
6025
6093
48305
177985
58225
44761
39429
27850
21745
35330
30017
67464
26825
9428
14228
26568
3370
45376
5956
244
3314
80986
249785
55845
11317
5249
4660
22721
74170
44541
20740
52562
39250
29473
20137
28169
82773
13141
102250
14240
11458
47933
14170
58192
1928
86665
95125
38970
12802
25578
38221
120033
8420
53885
14713
25362
110681
37082
127805
72913
19786
3690
59050
45965
12637
17033
29380
8500
26645
4637
16722
51085
59845
19465
18896
28186
12610
23426
24872
11965
23985
44785
2225
18820
13226
19773
25220
20180
115497
15545
8642
1429
52765
11677
11833
118469
45817
33466
42250
35386
629
65669
10240
9781
20189
3065
59573
31685
115300
5108
6370
8357
44356
17225
33001
44874
78901
12644
47720
80189
32896
59441
3860
2762
5714
14120
21640
45413
360
40401
46709
49090
8333
118889
30280
48932
17057
27556
142434
43432
18477
37225
23825
305
64313
10405
40228
64720
33226
43418
15073
93538
10225
2074
27817
20737
5380
4964
52105
26469
466
83304
3625
53489
3233
13297
19940
4745
17693
134212
2564
17953
1664
67880
5090
19802
18250
8725
64637
97380
83044
7837
33344
6250
25924
109170
59305
8641
34669
20077
19856
69857
133505
4240
83408
24506
26090
2050
37357
20981
58858
16561
27529
2045
32768
4589
43060
34724
57461
33745
81225
841
68921
99856
7069
55985
49465
60757
50473
5650
9653
71296
13829
47853
17473
100937
7301
50980
63053
47801
12853
4705
103733
40309
1514
148930
5930
18100
38317
25549
52765
3545
97133
99421
16868
2005
9010
2729
15049
15805
22265
135488
46754
23585
2225
60425
4964
997
17217
22672
557
35477
27065
6737
35842
12740
75258
13120
1517
15730
6920
61637
13834
12385
41029
16165
14036
27565
21977
4421
16073
12874
16250
63610
77365
9461
2404
5234
106706
95642
3316
127432
52825
37090
12740
221
78737
40597
14386
15925
19240
18500
12701
23840
28906
7946
10085
109156
17642
8693
48677
4069
5161
4196
2628
29585
58669
43993
3034
186845
34709
54122
24961
41380
6676
7850
19600
5044
59636
17597
102194
3029
20474
2402
6605
9997
13725
42233
47314
32693
23965
2458
19445
51652
2041
3104
26996
51785
39049
88769
16066
22689
9700
19538
32330
33001
6340
9106
4729
33332
5125
39418
7684
70568
4264
9586
18320
32425
18245
58250
71266
71968
175369
32045
30589
9477
45917
92677
14834
225
29125
1993
21685
54730
31753
6877
47156
44818
19298
28834
13725
34693
75701
89748
43058
9252
10601
8692
7850
38420
25546
52685
13316
119765
49025
9125
25609
4241
35528
3233
10468
122564
23465
10656
4721
90593
27565
113492
42401
35066
66181
51220
34081
31378
17588
19825
18625
674
134653
111124
5249
7585
6445
10625
47714
11282
45513
5825
17992
29045
42401
19476
28493
4745
1825
47252
10125
16930
92025
4961
17
119509
36040
12185
15497
41296
7381
60205
37162
3442
27857
3842
26897
53005
32625
39204
12970
2768
35764
5620
17370
50408
24410
7780
15397
1418
3482
91976
8330
51701
40442
29896
34186
13940
101602
7082
37690
144616
14657
29096
87154
27925
8282
30089
1172
66161
110344
35953
18020
53937
55912
24305
82858
23629
24754
685
20736
2498
36505
46100
30641
23120
59572
3961
3746
1997
50965
12704
52685
11493
23570
24004
12869
65858
8861
36725
38132
56036
69952
17914
74925
32941
13
26626
34445
2693
27565
26624
99874
3860
13061
47522
289
32065
16954
34632
25325
50184
29290
74029
64090
40914
6596
9089
124610
106741
45072
16936
16893
22250
5557
33589
8665
54553
15445
4840
541
53689
137
72949
821
27173
8081
6760
12938
29597
50333
5204
18500
77632
31994
29493
5069
773
4505
43560
35605
389
20221
2385
41680
71282
23346
48416
43541
22664
18685
107209
14690
55714
24704
51757
23624
27920
41444
59176
17545
1818
82009
20369
48186
71361
39730
1373
4525
25450
61981
27421
14837
86465
28240
3893
6282
36221
9860
56552
81481
3602
15017
34610
6730
15076
32930
6085
445
53993
31796
13617
12618
19044
36733
47720
1124
9941
15041
46458
1213
14841
39770
49697
2018
17141
58106
5825
15649
40346
5634
3721
5202
17417
55301
98804
13185
16525
44109
38061
436
21520
2690
11809
8608
11285
54125
55589
31333
15597
29570
33320
130225
74665
75604
46665
136890
52884
15025
58322
8221
69218
41605
28953
64208
25666
62725
48434
3789
55849
7745
269
14085
19252
19157
53456
25738
47140
17285
7901
11065
137813
5245
31057
2441
50986
38116
8461
4385
46853
32180
9725
60637
3121
42089
15210
1945
38125
67609
514373
1845
10192
6577
20800
10825
22562
175400
22900
3845
6442
62577
27850
49690
31805
3940
14517
75220
4157
30260
16250
34324
18685
31720
20449
38029
42353
5317
73988
50626
94565
28066
62504
27620
46625
25945
4352
8720
28813
85625
32400
42509
27136
5722
4122
15028
905
18497
30964
67121
8837
11125
1445
2132
57917
4981
34852
98645
23225
61625
12740
21821
2501
74565
49018
1588
127058
287237
36865
35810
34250
8633
31853
15700
46114
39488
121930
37561
22906
3805
23906
2290
13050
40720
86594
35956
45956
17945
27378
7858
122420
6445
4930
5161
45565
79130
30496
1777
102493
1181
61162
37485
34173
53465
43074
7445
12805
16570
93629
43049
27481
48690
20241
18698
22285
36405
147881
21325
64805
10225
38426
26458
3125
62845
24025
832
20228
35368
49285
22642
33129
36772
121493
6642
4813
9488
25738
1234
562
22082
4937
3505
30413
17581
14500
997
20242
86957
17225
11525
333
11332
95033
3716
29929
11061
9181
1825
48098
45305
11461
36353
12794
9605
22573
7625
40580
111346
30868
13297
51844
5197
41805
130885
65578
44362
26770
27380
36621
139250
16724
4869
51050
20186
7748
26
35730
87746
706
33921
58621
21256
109044
4450
60106
4493
11466
3026
50581
38025
6554
33553
7460
60212
45160
8993
58473
3656
36725
79402
58105
13565
140849
23189
14593
51769
16417
65092
68833
3748
9841
49426
1090
92249
39488
46709
39962
28825
30445
7745
13700
13949
45802
50581
47450
40933
59866
59705
5850
28004
29101
27361
15776
27658
40340
94781
3425
81160
15028
90184
37897
26685
41650
46756
84250
140221
22234
54513
7380
29709
55370
110465
2920
14314
98720
10865
77485
2000
74880
5161
52637
16154
35348
8042
43040
27065
1301
78245
10132
14473
13234
8992
58500
1717
6625
16925
1765
12676
1789
29065
95044
7561
11357
7541
7540
29801
12125
18173
39080
32713
14866
92293
5266
12665
43322
11050
538
2041
8468
13700
7969
3872
11565
17797
19105
4680
18440
62842
11285
8653
12325
65545
800
7265
92293
6788
13410
9277
84197
43625
6133
18820
88765
18356
15418
17288
31412
63281
2417
36725
2146
8345
53461
10530
4516
9965
4964
35669
50005
274
88601
5185
23041
60161
14213
76378
15073
7450
6980
87104
32825
65386
29581
37172
9364
4045
24417
2309
8381
2953
16965
34432
126612
442
12069
2353
8273
24949
7769
244
20090
184914
19498
45832
7730
83741
14173
34484
14530
30197
16165
72161
5501
42506
6404
70954
70802
135725
26825
18045
137233
120133
37093
15493
3145
75665
16405
1865
20089
16612
35842
97705
60320
129600
2977
14500
10282
45145
20264
10026
45394
28645
112580
9490
202600
58081
9418
95290
26440
90373
26973
48673
27572
19306
35249
11513
4877
60381
12209
41224
1586
28381
10370
30825
118953
8914
32058
49064
42365
31880
17056
3842
45554
25533
6469
16634
4680
106184
16178
37714
30440
128749
66249
31940
8297
107172
50660
70625
19825
18173
72882
13514
21037
16769
28018
74069
14240
16021
13108
8480
34425
18772
24853
53201
13172
23141
65365
10445
6569
163892
23642
1553
9945
23850
14948
9193
25604
3517
31697
4885
3285
25288
4258
29192
2045
36901
214394
45530
3460
117365
42292
31824
12125
9549
86441
9409
40329
14800
78082
13328
52181
1845
20264
19865
148
27226
37090
20
18162
10625
18261
25178
44210
388
722
2720
45385
7696
49529
202
53450
21034
159757
4693
46754
18580
33680
7477
11665
34970
30386
46546
37393
20077
25825
99005
104778
71240
19400
22490
5485
59624
4538
4916
24421
3620
18649
13577
39969
94841
45565
56530
23140
73000
6473
36369
5249
42973
32005
40925
45985
137017
26788
6329
41697
68564
12181
39610
42857
13285
2020
9505
109138
626
45617
60221
10154
48857
46532
5672
51156
26305
26969
27572
92740
2005
28900
17540
1025
10225
24292
61625
19441
30850
43418
5725
14842
5441
9657
56264
38293
21865
1800
14890
29728
58496
118589
24005
10306
3380
38585
4372
11554
74570
24210
66208
85280
76357
49141
95120
14162
34612
36162
13025
13337
16949
6793
58804
28130
131240
170442
109237
69665
12221
12077
120016
72250
17060
56597
97434
1640
10436
36304
21177
29917
10049
40333
27673
42689
31874
48481
21645
51697
10085
44788
52730
6813
27250
1017
16349
67005
33113
12490
52929
11041
548
3145
53753
7681
71924
49185
9225
4105
32306
11700
93322
8425
92945
8296
25738
13394
20
46285
2458
43433
36725
3301
2221
42580
26500
58484
3092
9193
27353
75370
94394
18493
2344
15346
20906
9333
115865
81629
17000
8021
2249
20970
3445
7592
10529
14746
64980
5513
25092
25970
2834
2372
5210
19330
8221
24309
32282
73060
10049
8429
10585
14013
38692
19242
4933
25705
290
4594
3533
8914
4546
33106
2885
14761
60685
21818
5924
36413
51850
11401
33653
132597
13316
13549
901
81769
17293
16762
11114
29341
110177
14282
45077
59057
3874
4537
10825
27410
1360
21025
38660
74945
13210
26725
17225
151793
13037
112946
29954
4097
33930
35689
42109
19377
27226
19601
29924
58365
38245
81154
18628
15944
54225
25633
15957
42165
22932
22570
23140
101284
49652
2817
79921
48025
24653
82820
18521
28772
4626
62441
9217
4930
30589
5821
95498
15761
120089
19016
13250
3172
44201
30610
9962
100570
164000
10084
2498
102728
30458
39085
110785
31688
11513
54554
10116
1105
3649
11700
22468
22130
20189
47917
17937
853
43690
5321
21141
45461
5641
62269
41714
6602
3442
6082
18065
13837
15370
761
53114
24820
2290
35705
10778
60565
4913
18473
36661
25453
92090
4096
54881
54217
8081
578
112810
20690
25713
58682
75269
56576
10877
29041
35204
43189
7853
70153
38453
13568
27716
27250
17300
68202
45461
69218
3970
24026
61265
26002
24313
2341
41480
62036
63268
40276
11349
25297
8392
20313
2545
26437
6705
24872
14900
54965
10525
36853
73561
27850
2621
24125
45585
159361
42233
34897
2897
27481
676
5965
64116
31112
7925
1609
12429
51637
11285
11338
21429
45394
5869
13645
31898
195242
68836
3232
16360
27685
14864
33940
76532
50405
105745
32741
37813
38593
9810
13837
64145
143492
16277
11810
18980
27045
34781
24274
16857
23850
17914
3865
10970
49946
63684
13768
27169
32848
12085
47629
4745
35010
8765
47522
80977
4069
36356
43250
22216
62696
24433
16594
6857
1802
13498
2117
91898
46280
16133
15337
7586
35073
19357
16645
6948
1565
4234
40144
1172
16210
183592
6689
19233
83717
41620
78010
8593
23885
17945
4360
39962
15368
15845
73001
23026
52937
7330
24733
949
153540
457
25537
38537
38480
14533
3893
94469
20525
5245
30196
1597
60842
30197
42068
6497
67541
20488
59040
7381
23444
21541
29809
115354
91348
117169
27010
60625
45205
8072
26
23725
27521
11425
8053
8450
32045
22160
39780
43849
7666
2385
6642
21205
12645
53668
1170
45769
72185
41940
21284
56906
5330
8388
28898
6401
13940
141250
3970
1313
29284
120506
28197
26000
27893
33785
53225
6409
15570
22465
4553
40064
3848
82186
65501
18965
64436
38288
84136
77537
5657
13345
9106
35005
4520
92849
11552
32634
25857
12778
45522
12916
901
8320
3637
14312
15080
10865
2098
19669
43570
306
46125
50285
43748
47914
138898
7066
4525
9236
5165
12752
130841
17284
15248
18329
40042
16657
2088
1018
15880
5233
25857
4586
4625
29650
51209
74997
69721
4762
47545
208976
66280
2357
3281
10585
47305
132201
22621
36818
22265
102194
16465
40900
13396
9113
65225
8145
42058
9533
13793
103429
143541
35204
809
6597
5140
12170
77405
50432
41225
23857
102420
15857
14824
10953
8065
109265
63037
73805
67444
90058
12113
29493
15041
5416
44192
30069
15434
42381
5780
3825
5513
14569
12985
9826
64730
20557
23665
25301
138785
9640
22450
39257
8621
441
12625
1636
70261
4840
32381
9754
84841
59890
12629
120170
3904
112369
74161
11444
16317
42841
23985
12808
24436
4045
28904
88290
15424
11765
12025
33218
5498
5018
5300
21913
724
28180
159602
49946
14930
27400
65045
39056
45044
77162
27045
54233
44269
67349
13140
122274
62929
18637
8761
13282
47700
50420
34961
75890
18581
6562
49309
10784
82953
16690
39965
57005
156301
17221
7677
17873
13712
31720
1305
340
37162
20810
14786
8633
100973
83525
21136
14821
21205
45313
16385
32266
54613
5365
25537
38909
61601
34913
129685
6170
21460
900
88625
38637
19729
72298
15592
65169
8353
4013
62165
11882
156260
111242
11380
12634
12589
16018
31154
24425
12762
69210
118810
37714
10181
33085
10594
35649
80648
25738
2701
58309
69890
83313
37025
3136
49706
11369
51561
11016
1621
124505
20660
54242
51257
3728
44785
91666
141665
64153
4356
31501
36401
6736
2770
1073
6266
28836
58565
10580
42754
9549
4210
32005
8433
7556
890
82765
46210
117625
16360
25640
47645
44109
5480
12097
117637
30160
9850
23796
19501
18946
59716
70996
126353
25085
34609
49985
90025
20245
31121
11565
27457
5200
2308
63557
34834
102661
4586
55313
43541
32400
129893
9805
84465
23130
193465
18586
113882
35624
55012
147722
3700
171173
40490
68036
12325
14698
34112
11565
49573
24309
32276
183125
91345
46458
104525
28360
17426
37188
45025
63400
25970
12898
76050
13864
349
40594
116129
6917
6805
53777
70146
50833
8100
17090
16609
81770
2969
15545
296
51493
19045
21913
63937
2866
20618
28421
33650
50216
52882
15592
1850
42345
136237
13770
54673
20717
15749
47477
8281
10729
74698
107225
17101
5860
9549
51685
21541
1300
7528
1642
7969
5384
9593
80105
13220
7780
22160
52130
5057
3145
78965
23872
11908
17965
230005
64490
32749
7076
954
88362
28922
19025
36752
56041
86557
84465
12618
4933
12965
31609
3272
44002
8737
7693
47933
31645
23752
108425
62785
55962
78965
18869
5620
5994
26330
14482
9668
31973
32276
3845
20629
6253
34765
6890
6689
34129
30361
13136
17485
16154
8585
24341
73145
58612
20017
12186
28685
19445
8356
8010
52432
14180
66145
22905
36676
72706
35506
8516
63010
8072
59573
34297
22760
25349
9874
1345
10001
14081
37993
45418
229
112409
108121
1105
7937
19805
52621
27378
16101
66589
14992
73490
13010
25442
10629
51178
32189
10324
27106
57241
6788
4304
193
14149
38809
18937
13780
20036
20413
71429
18153
12356
23780
9497
37460
79010
77897
16564
5554
548
28157
3400
8145
37997
8100
16249
46793
26141
12069
65225
2897
2173
56740
5801
3368
46240
56528
16708
70760
37538
5465
129636
33122
31097
28285
24061
163144
19637
10421
35380
8644
61970
19784
13765
23165
22202
45405
64612
5274
25133
31249
90724
56690
31025
61130
2320
2788
42793
7514
8066
9593
2293
1412
20772
6445
27010
77549
101645
1613
2665
2378
8164
22642
8948
17433
43114
103837
15080
139673
52708
457
23605
8705
15412
45245
85145
21748
21349
12106
15300
40450
29008
40885
74020
26890
40456
6784
4820
105629
77849
29930
52442
14989
89021
7445
41476
10600
24148
3085
39385
102617
48305
8468
23778
1205
22234
14890
66725
16372
34165
99620
19937
20740
22417
4394
10706
21008
13120
31204
47338
56105
6120
33129
31937
107860
3133
13005
44602
47824
25965
24433
60017
61981
11600
23090
13000
30474
34961
7389
94505
28757
37657
42173
37333
22157
29524
14417
11729
151537
39274
10440
30784
1490
661
8410
33610
10282
46912
9640
20624
23657
11074
137205
78880
7993
7252
40666
25793
1961
34690
31250
857
35906
2125
1170
11821
215300
9477
69194
13498
8356
38749
44489
2797
29665
22970
10804
101252
44532
40025
58088
9805
22817
33073
4930
765
15760
67093
87120
4337
170077
189493
38385
49589
27297
32708
68500
10420
18180
13273
39845
69317
24401
12410
11570
8117
113261
35540
42068
9986
1192
18785
53280
6613
40345
33757
46513
61009
25297
15754
250
59197
5557
4810
20221
2378
7433
52889
53474
12850
7538
26765
25330
76925
53474
102521
20882
27424
23977
151853
69485
50245
545
115810
9700
21853
24040
6437
72729
23434
11681
96050
29125
4765
44560
9225
5576
8433
58570
77402
10025
48074
46325
109673
49909
3413
56989
11348
37033
25480
850
28832
18720
25397
40673
17730
313
9536
7496
21618
58525
31817
43328
59453
102034
59837
23042
23200
8065
9593
69505
15264
16850
3744
62765
35657
58645
1913
12077
20498
7993
54841
125460
72297
18925
60842
17992
10805
20138
17074
31700
28157
40100
86885
47693
30992
8488
25408
19098
234896
54500
27521
14437
57005
27842
24037
40522
18
33381
81812
3145
38825
48905
126473
953
76442
7225
1306
10229
57322
88874
63810
30330
12500
62057
21025
33508
16241
23080
76212
3194
2306
14600
30708
6660
7753
937
9733
27098
4405
37705
36569
195265
26225
104
56264
39098
12370
232
30397
33296
3445
145690
60125
5345
13801
40969
26640
30920
17485
52057
58708
30925
32733
30004
13572
68353
53125
59057
36545
450
13210
21233
60685
61618
138370
10900
4010
2320
29269
174557
349385
15476
19498
85826
38746
41225
57625
62305
50184
6352
61882
33601
59914
1220
19249
5002
70997
18325
8485
20225
10625
20096
58257
5608
68441
23944
490
6148
61130
34933
15082
4442
9314
35338
58921
22049
30330
97444
26129
107010
48025
28834
22037
84781
45041
51545
60580
2066
42709
30313
35498
41650
20077
88309
6733
9981
7274
2690
65729
59273
129125
9325
22093
12946
18589
11866
56853
31609
36493
9657
5437
18265
27625
18122
530
18530
96832
18356
16930
6554
40905
39220
6689
2482
55186
54689
369
5581
78010
833
25841
52420
20737
34740
1972
7361
61346
44320
13896
17101
55705
14842
30209
11444
37256
54013
72722
58244
14112
10917
11185
21905
3393
3232
2605
13221
69922
51476
5668
46546
21650
21466
43202
53425
9437
27842
62442
62600
29437
55498
40529
12017
83845
24965
63765
3722
7281
2477
769
2074
410
20948
23869
74626
31058
48985
74196
189877
64660
71524
98577
21634
141689
34481
30420
20992
24737
66322
35348
106184
5690
11117
197
21349
93049
50516
797
21401
16570
11089
11240
65810
12960
21332
19105
11866
31753
77714
45512
44786
17561
18593
54338
9146
28180
50581
34513
64413
49300
8381
17492
44210
33365
21818
73825
20200
545
63298
102244
18178
41508
7712
48256
23882
23722
51554
12613
37690
16165
1453
15245
20288
70772
30346
8281
66113
2
57586
20402
8180
17881
148501
57074
41617
3425
36578
82881
22930
4877
26525
14161
61466
25970
4698
20617
33716
11945
72341
625
745
11930
6786
41373
66625
26825
46696
3218
37636
74241
16916
162893
51178
31529
68884
22676
18261
43268
34929
119989
59077
2465
6868
50269
3785
35944
16594
8325
23810
13005
83194
38196
78728
35261
29705
27538
107185
24674
74357
67681
38898
27245
29042
226705
5968
25610
5525
115492
140485
64305
6705
12456
21892
97192
9605
5002
18801
4456
45869
7888
19637
3077
17305
9274
41320
11461
9829
49905
13481
153458
1810
19940
20610
29978
18730
21473
40681
3625
98753
59482
30301
48788
1618
50180
17658
2626
29648
4896
35890
99920
1205
41876
39780
45242
5490
13625
10877
3265
26441
26401
24961
52538
25541
34445
19993
7445
16388
11764
36965
9701
29492
26042
156505
93064
61268
83529
52240
97450
114937
68185
157513
2965
20450
7250
23266
29000
48042
85364
144596
53380
12321
6388
1352
15165
40853
126106
68633
1586
50473
18692
22472
28125
113860
7540
23764
3370
22180
18
6073
16922
15901
92749
5666
39341
46561
38090
32968
2378
9157
2106
51930
19805
27389
16525
1184
45209
18577
35570
28125
5513
20090
57928
15145
35848
20506
19208
42832
5645
11981
54805
36360
9601
37585
14810
15013
30805
54745
30013
37729
20485
13600
31313
49384
49012
33226
8693
31058
57524
6565
1805
21377
1636
11673
51449
83924
19652
10408
68426
11629
1690
49549
56114
41593
22321
50690
25925
29728
7540
4505
64585
1924
3816
25425
39780
360
158041
61850
19972
26248
16601
10305
58
141365
1850
70109
107530
4384
67204
18005
1234
3613
60050
48772
39005
29521
62756
47281
88281
31842
19337
34880
34157
27506
24505
208
11673
34432
19962
8872
25666
1709
33050
90865
33129
56842
8865
56081
28570
8945
65466
53554
25040
17101
41941
19729
20266
3368
2341
15440
6948
1000
39394
43553
11050
16605
63592
60938
3562
17069
19172
11925
95098
19370
16465
53650
39610
12629
5490
8869
67601
95642
4913
49898
26244
40570
21541
114889
48905
11645
12146
17362
44785
82993
4949
54513
2477
1010
49297
9089
4561
33065
14274
137642
48436
48610
30941
25364
29493
9700
2344
54900
5077
67537
16861
38849
27625
12356
42193
8993
23300
15170
25970
3041
10737
13769
31085
8621
6673
3316
180
134105
35890
657
156850
71125
15520
25946
1184
136089
1525
12205
17658
40148
53908
103156
5578
9805
47906
13401
6137
121970
76778
58906
7978
4093
17693
8989
78290
37265
44941
24221
72529
68276
15688
20068
3001
7474
3181
118633
102241
13402
57562
6757
10865
96016
35689
10573
20506
5122
22370
4010
325
8017
26045
10141
15380
10034
17285
3280
1906
62165
181064
57842
872
5585
8969
16061
65672
2465
14186
18233
6058
4709
6066
31265
39880
17989
19232
30458
127944
60905
23040
17569
9925
19453
92905
50045
71514
10737
20074
548
27585
9610
47930
6625
17090
68276
52058
8068
68725
27977
4338
19937
4930
62666
4225
67730
850
37945
81421
11450
79085
97109
6500
4861
2029
4861
1777
31784
81341
7632
10660
17433
35293
15300
33316
17680
1025
26930
48490
30145
30821
100325
31301
17973
13117
82820
15858
7625
3185
24217
5917
22181
21060
31265
19045
23945
12349
22180
51028
68770
16388
42898
54900
15669
57258
21701
8345
45512
153396
16589
74618
4149
21205
34381
10250
25033
40442
8282
9524
12832
6781
59130
31265
27505
14085
25493
50857
48625
94250
27332
14314
115945
32050
30160
112901
2529
13050
34121
34901
29332
7970
51304
36640
39188
118001
3673
3620
7970
4925
244936
18401
41120
24293
425
5252
7514
47345
92200
6309
20858
4234
11250
24965
2690
68921
7586
9266
9553
78097
22130
11525
104256
8993
12717
24554
35428
2225
74324
13192
1412
7633
9124
60253
12218
1332
17569
9986
29840
1706
10693
11050
30605
9665
11908
1604
26993
5978
425
42730
206161
15560
30330
1261
85625
16249
41042
71450
101348
12109
62449
73552
6698
2362
18530
52442
26280
42536
11920
10244
36793
53741
45450
5353
110393
67769
3560
36901
17698
49320
191641
31265
23229
56340
79749
45621
13204
56929
2165
60001
9217
2386
4717
27080
5716
47349
79985
27424
10693
38113
153666
12676
4338
60813
4033
11449
90
4900
5032
2249
19796
15845
36305
25085
22185
4594
28340
3125
34073
145
8021
464
67217
95045
17177
4057
107405
72386
77725
71930
4580
22997
42197
7229
18980
103129
91925
14050
53753
15496
25181
33002
71413
4789
78248
10205
28818
9973
26141
16757
18749
15809
14293
29285
26384
52154
15481
63810
46925
4420
17789
356
7592
17245
37921
63677
16210
16388
44136
16596
9805
21992
19981
118666
62973
72077
14437
7250
66037
29780
1172
31501
3394
9140
17714
53365
4040
84905
37570
19465
141521
91012
12637
27925
21685
20074
6890
4148
86804
29065
10865
67138
8725
122228
38077
11773
2330
57517
19400
21029
4756
4397
13681
40564
6228
5573
17378
4212
881
13106
6953
15377
28825
107549
34165
16612
2560
45113
37033
12560
69136
59445
96445
71336
5002
22797
1450
12541
45305
1973
83285
4234
22581
75101
20866
29269
49428
36466
7578
36788
12869
1684
45913
43633
6800
23341
136
23860
127849
24642
21506
1325
16965
208
16490
12218
40834
87445
130
19093
10525
4325
4360
5480
55954
18394
2612
98873
3433
50
7461
163813
54485
1621
110097
8500
3961
37349
91976
8685
2441
4820
39793
2984
60050
98180
18394
23722
13394
16210
10964
22336
68965
5578
106601
66888
6197
4849
680
94916
17972
2720
30608
50089
202
27844
57130
8080
98
48889
30069
45832
8980
3600
44500
46730
19945
59585
8865
10610
66762
13753
43441
72693
38420
23173
4930
5765
36964
54450
8194
37522
6865
121901
133250
6473
8825
50866
67405
22685
92441
47273
34885
8685
3361
88290
28346
2025
42761
44249
17125
88929
27077
36260
25913
41410
85433
58810
10865
21557
87061
5989
12808
30553
27890
16781
2826
22058
116816
274
1282
44217
94113
66725
10897
39505
7853
13520
31594
47305
15210
51785
90260
77677
29600
70601
13780
14026
21685
16925
21737
9125
72665
20725
54225
76257
11773
24601
59753
17768
23257
4633
19465
33113
4573
68416
5924
25693
2522
10250
29161
14561
42010
15049
27890
10504
66985
466
2930
36010
43345
7481
15208
37885
2533
70760
29725
17953
29061
51028
64985
86642
88498
3209
13346
21748
34693
52084
121313
52000
260
39817
1450
57256
6781
29000
8333
3418
9809
3770
6625
2026
47821
13172
68000
6056
14794
21589
3172
4034
11570
38105
85621
3757
46925
65781
51409
1060
5545
140594
35597
48178
1768
19045
14800
3474
22304
64081
13700
89146
27565
12437
32517
24065
28397
86864
28548
108608
3200
2669
11090
37396
30233
6122
72845
21557
53945
38980
36569
1345
12916
10441
35170
74969
57364
12872
29776
1021
36161
8065
4537
30160
54338
35881
277
17680
20458
102541
6416
36730
68965
52713
129497
39712
18666
40482
69394
10829
18450
16528
6001
94949
48922
99412
10217
46180
18937
23813
33185
49652
115645
16981
20665
12330
16420
7690
6596
5305
10818
71785
410
34952
63461
17125
152756
39236
180
13610
11657
10388
37024
68450
8045
3529
20648
19949
13897
5330
23360
14162
9673
46733
63585
4538
13969
8936
9477
30346
21605
38169
41725
3497
128197
18324
3152
108797
44200
29741
34568
18369
75505
16441
197
1313
9745
42877
78317
3978
12037
200873
80801
24532
11773
125640
39554
195170
22201
27985
12905
42713
10933
42946
65146
7816
1825
9305
25397
14354
39794
25325
21485
61136
11745
25578
34064
13049
85849
62437
18850
21605
31201
127060
541
18493
8317
54317
11380
22589
137530
48082
32810
22381
27794
19930
39220
33037
21380
3049
101538
40996
32404
22472
14804
4996
16193
62525
13577
9000
47125
14330
12874
36329
24181
38369
32105
20137
3501
18833
968
720
12389
2237
60745
23816
78253
18937
21025
161753
48325
154880
8117
27378
55144
41841
4954
118333
4810
33997
8473
55130
61793
66002
173125
51913
5857
40720
17992
7901
47050
6757
8633
4645
1962
30073
52352
17669
62388
2756
66410
9778
25970
33085
14965
48673
18665
7325
16354
16745
17533
11936
25408
35957
11849
9605
31761
453757
92005
369
38813
613
20413
13450
64178
21312
45610
46241
18320
637
9860
20225
35090
2410
6437
12821
125845
11353
19865
20882
75701
16290
180841
125749
40482
82945
30757
67370
6625
64370
5309
25889
33625
24372
15266
24980
7569
6290
35069
69761
38344
106256
58984
15826
54884
127517
16272
4505
16488
12050
14177
7540
63586
67010
44122
83890
9109
23130
18625
35669
41585
32269
2701
27833
746
7289
24545
16650
5746
38212
6050
377
2754
253072
24146
41113
4261
3589
27266
4744
2116
9236
468
8857
29300
13745
42145
4705
10400
48850
10324
55449
40970
14848
60392
7394
19792
12770
17026
24953
34785
38372
17352
6173
43840
36361
8114
23725
80329
79069
6705
93448
16029
7730
37629
60112
7058
24245
125
12013
37825
1621
14081
6084
21874
3232
7690
146657
156554
11520
14425
11029
15706
61682
14690
2197
42986
15061
57413
57825
113381
26002
22570
56641
1556
50308
51652
18512
59537
62714
13249
27400
18945
36788
13220
3433
25261
17482
40709
95941
92305
42500
22130
6305
5905
18277
75545
24557
115217
16400
40274
64850
14314
8101
60394
244
4900
13401
6100
34345
212
6701
28970
14778
11956
11936
1300
43489
5410
16994
5965
83986
55940
15220
1513
35369
19097
34888
27245
15560
1258
62269
24644
23953
7681
14681
18152
46157
29266
6466
49010
14281
1224
112113
17060
27666
7610
24505
13181
12818
1313
56765
42125
25625
18514
38666
69050
85885
5993
12484
41113
5274
32932
1277
62929
68765
29444
15725
22261
3249
8290
28580
83458
82729
12605
41697
16272
55754
46580
4122
25317
14504
66100
65152
17162
146101
7129
27677
9760
14625
29005
17173
6409
43457
74093
29648
8548
6466
77373
93925
13189
76532
2637
22721
16418
23729
42557
41897
26272
25450
1717
70996
39145
10256
91316
7933
5473
5769
67490
69425
65050
6953
49833
290
94973
28505
35633
13940
33349
18152
11773
23378
17977
46720
61604
35258
44370
10930
39506
32225
123777
13514
29045
43220
67912
18280
154045
79594
6068
21200
48962
70225
9553
93249
8357
18541
17810
4964
90746
78506
26945
1493
24089
22906
31760
19080
3152
38554
116857
38497
8450
24980
44585
10429
73053
12461
13289
43984
31681
49129
52645
20165
2120
848
36490
22765
3725
142129
10368
69170
15293
2612
29410
1789
51209
17890
3944
26321
20025
8180
17357
100381
12290
11626
19409
36193
74873
29570
3253
2754
14393
12041
15138
58580
80658
28962
21650
100937
150050
46504
445
13426
55981
77428
29809
3328
178
31409
17173
70429
61898
4
30850
50885
22304
108820
26941
4900
20565
1556
29200
15844
53885
7232
1945
74845
65969
6885
9248
9925
4250
5305
20690
24125
6829
59553
22237
23732
3466
19890
1090
61133
6253
43877
22921
19394
13957
123250
46945
36601
17833
59573
48850
3425
47680
7706
42500
34768
49069
27685
77285
148250
31994
4329
14449
68269
8186
72593
28240
37225
100
5072
7780
49640
10466
8249
25229
74052
56884
25565
24125
53261
8489
10930
9061
33640
48065
22468
50333
23120
142514
9613
26260
62786
1801
43045
14218
144961
4018
33785
16265
42354
41905
1850
17924
45394
16708
30890
12645
12608
10701
45418
14452
4885
11890
2521
31946
26498
5337
26656
62122
22304
38800
58852
14761
25744
9490
25810
21625
32413
2984
107114
26408
5032
6130
5162
14468
12385
37481
2873
13381
118585
40385
22529
31752
33653
6890
10100
3098
25352
60794
17165
19633
89
5725
49250
99202
13834
18338
25301
24125
58400
13617
54385
16010
37250
101620
4882
17524
123220
38116
8840
6309
96641
4625
3362
14841
20200
49922
10832
23049
12770
30824
3581
79909
8090
65609
30665
55172
61282
14600
35012
43325
128986
64090
4084
15154
21041
1369
13505
79690
17849
21977
26605
10330
87277
7432
32513
78781
47281
130976
22509
20618
949
8753
61960
77930
246181
8317
8845
5330
5860
92849
26
28085
55505
15028
845
42025
42304
9425
30490
80405
4589
11705
24968
32185
13192
73157
2113
4756
95125
18889
136448
48061
11405
6272
31905
7569
27065
62920
40925
2725
4913
70388
33658
2693
7570
85010
138466
58777
24832
20341
62122
11329
97421
20077
5945
11296
16525
1850
5749
13192
12725
40192
32066
6088
13397
37850
15424
38210
12890
56277
19098
1602
23553
4930
76201
10244
16276
56794
177866
2421
5153
25160
1186
21905
10834
82472
11465
155602
37210
5869
49972
91610
74097
6562
40626
5690
14386
61258
34525
77690
26308
33769
1525
14066
8660
72722
51649
51185
337005
241
16201
29192
976
14612
21960
8269
12105
11521
61409
29584
50245
6698
13172
31914
85465
44596
109381
70333
55553
104644
46285
32986
16714
6928
36945
20610
24074
9172
1805
36522
52505
32521
26842
14464
12073
16493
5050
21805
46754
9810
35293
40777
21709
14869
40658
26570
24914
4520
11509
5
80100
15125
5008
65169
24930
38660
12545
38660
1201
56629
2722
71396
9061
67124
37778
69490
138500
13492
37098
12329
32409
35746
53380
17170
26825
24296
33529
33696
57733
80253
1021
46240
14050
2993
30312
12818
656
93025
10180
41225
24949
6890
35165
37864
1378
1480
3380
62649
16724
18356
59450
13189
5105
9865
10421
11905
17645
57460
62725
12200
7373
23290
54437
26788
74273
7013
48305
11713
88189
10144
14020
25672
141332
2333
45812
114530
820
45098
110578
103149
38909
27536
5733
106624
69721
54325
6125
87025
62317
8282
53465
41092
64868
178681
11525
16769
117450
21050
50137
48753
43850
53145
27065
28100
1537
36657
51586
32980
99493
152794
20785
4537
53441
36500
1856
53192
52786
25504
4385
43465
40820
27613
18148
75008
39125
38965
2210
96385
4113
13645
9146
22760
14985
9860
18250
27306
40429
52849
21554
10953
1745
10273
5050
10372
45389
5444
57140
5153
28730
8761
61585
6800
13833
72290
21332
72916
53140
53829
5492
25090
14741
101
42109
29354
30365
36037
1690
6498
36136
4754
24701
2425
31853
22690
38457
17429
11405
20842
85280
1413
3016
2873
61529
41605
2600
35129
3130
48946
15028
51845
13700
3869
26792
9169
87397
18594
9332
10820
25129
37042
8330
36661
2925
63090
5165
14690
41652
98845
78098
33284
2026
77332
34101
75133
2842
50362
51092
33890
131300
85625
130825
20432
37826
43173
18226
34058
6241
10957
15725
18882
51850
8978
9668
26650
19546
12352
101690
44090
9225
20565
11349
28522
4097
720
33625
66817
21610
6373
36688
85045
29273
12416
3005
30133
9698
32393
42250
5749
33381
298345
59485
24133
27092
41141
97105
42565
2314
224474
5408
965
67285
20560
1594
43541
32282
26452
32818
31538
196690
13840
1730
37577
32776
71450
18085
16349
85450
27481
325
17785
10522
31525
1810
30209
13896
9962
31460
74786
47645
8689
42874
41120
5618
199193
101026
50184
51061
11080
20980
272225
14138
30005
745
40738
19444
30557
31898
76037
59722
3681
2696
2500
29285
28397
194
3872
73445
27985
69385
3797
2357
22340
142250
8138
70529
20509
25505
18980
4709
27674
35984
71474
1993
9620
21069
641
100880
31370
90290
139466
116273
8768
3466
32345
16250
36944
3280
42061
6469
17362
114413
16066
18385
16490
34714
75965
656
49732
41834
43777
95540
20869
77860
650
66721
5265
82769
65825
15538
26962
31370
7178
6389
5193
19744
31760
13600
6480
50660
27234
28417
34245
44629
50921
153829
60637
3812
33917
8266
90674
9169
7240
104317
40049
11300
29362
16420
29585
10426
39240
11665
13226
87464
105689
41033
689
16762
153680
1220
73714
53069
65354
30589
12389
10865
109261
18778
6257
14437
12260
56360
51560
23840
6005
35285
45893
89081
50474
15725
49325
142084
1994
45842
27250
29485
45281
19930
78557
104985
2205
21125
96625
2657
121177
60221
92626
13028
20186
104233
33025
33389
93281
32008
19408
7673
1709
64532
42802
60785
29770
829
135956
96473
9157
1937
23941
62361
57137
7250
106034
842
23944
11465
5545
109625
41645
69250
90869
45968
11674
5513
46561
15002
11808
6922
20488
18225
18989
30050
2909
55370
29957
26176
77338
10025
28778
17316
21556
31213
48052
962
7514
48541
1849
64045
106405
1378
11848
16994
9140
7330
71410
11050
10016
28069
60545
35137
103090
1556
48905
63108
50660
3200
16589
71305
64565
55400
61828
16960
108817
40682
9490
20021
43501
18617
15881
91433
77005
27098
962
89893
25092
112085
493
20714
42029
56185
56845
25570
43300
13252
83741
13329
30202
23801
16857
63677
3929
12357
360
19917
48953
24793
28705
229
29565
3536
44570
16073
1745
168250
1082
23417
72253
2069
73672
19330
3545
9722
75205
150797
60785
104850
10917
13466
43873
43748
1025
11466
31525
29041
27017
57205
2578
36466
21754
10498
7673
110461
13705
8186
10525
14481
23080
79364
12569
18317
8221
30073
10042
60026
151073
1009
27989
2857
884
23125
75604
34666
10820
62116
337
13600
857
6565
8138
14900
55370
11560
4328
72593
33952
13793
26900
28225
16900
36853
30265
30706
13357
29738
12653
4153
52345
40597
5989
33581
3240
14760
84825
20290
1170
26420
101209
45617
9133
37157
12104
49090
165476
55597
48581
30073
23569
29034
46033
35901
38729
10225
24922
7956
18281
19181
6554
65332
84937
3217
13840
39170
7848
58169
26176
41258
38369
26442
13637
43489
3338
21202
5780
1168
63473
37117
39460
3809
40768
22786
38120
11069
50500
4850
57265
2824
7738
39682
23816
14065
12325
72442
35204
19280
8192
16165
1682
32617
13312
94285
43829
832
36020
49064
44200
625
45613
84682
28418
3112
12506
8293
7453
778
108530
28409
37588
51560
26921
12665
650
6005
18064
64370
24097
148538
69785
1985
17881
34389
60073
12100
39665
11357
22082
4181
24644
7956
33805
15304
84242
11225
10177
36781
3677
6273
9089
105034
125541
45898
21800
54632
6845
53825
159250
62050
18292
21361
11738
35725
24337
10693
3562
53765
3301
442
11860
16745
11357
37960
12842
24106
4385
38845
50570
12010
13226
4930
41760
15674
5813
4621
12641
33025
3200
19853
91130
15597
7349
13325
6560
12800
76244
28946
3065
21608
62365
44357
20176
108113
19997
80837
85114
17065
14954
730
35897
10081
36880
18020
12932
33565
26225
69745
19172
94873
44573
32985
12917
15293
1861
61109
33109
57745
8200
30565
6201
19125
13061
54833
16193
14760
41521
13960
177325
4805
69064
45565
13897
9410
29245
31429
28349
2426
11290
3386
87610
24034
15445
38464
8852
45929
24245
1665
47636
59193
23689
22181
39602
9418
173981
17690
133946
23378
23444
6929
9864
26513
17000
32212
7540
20602
93418
11169
168569
80613
95636
18496
24154
109160
22984
30308
13757
40385
34481
15761
15725
33389
11322
6733
12704
83746
802
6917
76905
29097
84200
46213
50634
4264
42912
64549
41938
4369
2210
2738
85370
8793
4410
21866
15125
90729
13858
5305
1354
84346
6082
65897
100081
44381
8320
1625
3897
986
138485
60925
26260
13050
8405
28548
18868
28514
6250
1621
64882
54385
57557
14409
19597
3978
2225
26181
12722
4033
54298
83528
119125
61538
1954
33205
5584
29549
19097
10805
36896
69661
260
38041
28645
55673
31040
54025
24709
26010
54242
157093
11065
5185
21832
4114
60001
79157
51857
13250
13505
30157
14713
12233
7673
23602
13969
43940
82906
4405
53280
47965
8621
2225
18617
8080
33700
58682
3770
7605
184985
16210
46661
27680
7400
22217
1985
118001
92893
173781
13829
36914
39925
9026
441
129601
4561
96260
103570
65954
12625
626
94585
1850
19010
115594
87737
58778
47336
24713
10642
5329
111161
5384
57850
73505
229696
26185
9365
103681
42305
69865
206900
389
23141
4082
20785
5508
12253
60185
12794
2628
28705
35989
6548
29492
7930
38674
13949
8333
24386
16781
32173
17704
33800
877
7400
565
83393
25160
72981
19721
46820
57514
685
6920
3789
10180
6085
2385
4905
25325
21029
2529
5300
3033
30397
11392
9808
55184
5058
4789
34961
32434
77697
27080
20017
15028
39700
103690
22784
9245
2465
21556
241
7361
4069
180
206282
26333
8177
6185
9425
24930
52697
33872
613
65914
40130
4205
28420
6800
73940
88820
15293
31213
10897
116865
28970
45250
13877
66689
29090
48997
35293
69896
15489
11493
19973
29952
32320
25529
9881
12181
28421
92160
5245
11866
3880
47114
50580
6850
45965
30322
1152
18432
27976
3697
62957
22250
134825
293
12394
29765
41373
3202
4325
83540
85529
58770
7397
16501
19604
50866
76577
38221
142841
5832
73450
9529
9325
73949
2341
1417
20905
57124
138949
54641
8410
13897
3445
32237
10825
64322
10553
16861
45610
34234
19345
6253
34
39005
40552
3802
19066
56680
25309
17620
28346
7209
19645
13165
153145
31541
76852
9700
10250
42509
18080
66809
51818
22228
8053
12962
14690
73802
27409
42109
3301
34442
60826
138409
100850
13481
13834
23050
51272
13130
35920
6920
26741
38725
1789
123920
45781
50769
44125
24226
125485
51850
901
171945
24272
6697
4178
6586
30250
125
13633
1801
3649
24328
39690
6337
4253
6178
6705
10517
15705
59058
87581
32905
45313
3133
4372
25801
28921
37162
50570
20561
9928
14722
5300
53129
32513
25290
13385
9077
41369
24660
27329
15460
12017
12357
12708
23616
29965
56740
6212
1282
8714
8290
1124
2600
21509
11241
5125
12317
70001
4801
22644
80680
25778
36017
123866
4394
6577
35780
4034
8473
5689
13565
113360
24148
2825
32625
16552
29074
281
4745
55449
35732
111010
18485
20610
65509
22696
36829
9605
9445
11808
4201
17945
13130
7925
3733
13465
68797
83681
109348
194234
28417
205090
5252
9605
82805
18889
46969
7813
20340
12994
23981
15165
6505
34420
14162
17090
38889
9412
27397
10706
3141
73690
95965
23570
15493
120625
35569
60722
6697
65245
7816
28322
18493
27152
10376
10085
30545
9412
4573
6425
289
105829
23377
9725
75904
3842
27770
52925
8465
5545
6500
3293
52165
15650
1181
23620
66749
52904
93925
59533
96641
2125
6994
58312
119645
2196
41450
5617
17450
10825
16661
31421
75869
4369
38981
155844
30313
80818
5090
121469
49617
34114
36545
28624
30708
14365
124816
26900
37089
59573
17113
3604
26021
14218
13573
61498
13172
21289
4321
27464
44657
29665
5018
31176
28837
4621
32656
22025
46234
116818
9857
83725
24641
10484
30985
6452
102533
5945
1125
33625
39761
12490
9553
36946
26945
7085
57250
10057
6445
7592
4082
16034
69629
19669
30361
2525
10180
50929
27161
537569
12413
60265
25810
7361
10498
49090
1153
15140
3897
12905
6728
44549
62834
29185
36857
19233
57825
953
11300
3284
179082
26045
10825
22257
28769
5877
15002
4801
5057
45250
37178
72202
66370
38692
3065
46793
47834
40637
12385
26073
11285
784
38506
8665
7922
20970
27050
19825
26717
20560
21050
2440
85
10004
7400
6481
40097
8273
4637
61245
92305
23810
23013
3961
14065
12325
95157
75329
48065
35656
26325
27637
18856
17705
38581
27149
43108
14485
22730
96722
15250
10829
5521
6970
102493
15665
2581
15602
58090
20290
31400
63522
46152
175520
19984
16525
14992
62525
7373
4525
2305
24313
18698
3816
3925
16360
66932
42809
34765
4160
35010
29637
4392
22266
66760
3545
89801
21314
32050
61405
45594
31529
70100
17833
42853
101434
58810
103181
29524
4573
12337
51012
44269
153850
5882
88180
19945
54325
47720
39488
15977
74650
56020
21920
20813
22949
6208
155585
338
2349
9109
13725
30922
5850
21233
6525
38569
20722
3250
14920
51133
12168
279857
17370
23813
5661
30736
4885
19970
93700
25360
40321
6586
63760
24025
7312
5330
10145
11745
10016
36196
33001
73672
43216
18752
64116
26338
48016
44522
7780
91477
75906
4840
26077
122533
4145
13492
3316
16424
55709
33065
16132
3140
105634
22058
5188
16705
12401
85160
35842
25364
1417
106201
24417
61741
1789
9217
2664
88948
19130
3545
55525
14800
63002
27578
43745
17405
72721
6058
31097
11048
22228
12634
12493
202640
47549
27737
21521
38250
9113
77008
2521
23229
4148
124993
35649
3277
24292
14013
42445
75709
71674
68093
104452
15341
4925
11629
7857
36661
2957
11642
10498
50465
5945
27173
90217
23440
36040
67325
3872
61282
34578
15908
6760
1301
1552
541
3581
27386
10865
39257
6481
30784
12106
10628
54504
8692
33178
84005
54029
89513
6980
3386
36954
3370
62765
24125
7445
11241
401
65482
5209
128018
57401
1237
31716
544
21220
22837
142288
35573
102170
16129
7738
22265
10522
11050
10585
4338
30181
4745
10256
58952
26965
4253
2601
43685
18740
39946
50081
36037
13058
46801
2601
9124
32429
79397
121925
2362
19762
169681
13325
115393
6084
200072
13105
64948
5444
39217
54314
10765
5009
30181
15588
9593
9554
15625
26065
6274
44417
16085
16337
24157
10141
28013
39496
91810
37952
1268
59714
16488
674
12410
45785
61216
9266
75313
27556
70820
2512
19442
65917
25480
61856
2336
117146
20386
16466
9125
31333
1225
12506
27697
11745
3809
5794
15769
114130
13141
18226
9049
8321
2890
24968
156169
50777
10169
53489
41373
31688
16605
103105
148625
77620
41480
24010
5725
115684
14365
34660
41282
30509
18965
81625
22865
1313
6925
48941
135578
14093
34578
44676
46525
6100
10917
7461
46036
30005
75853
19661
30893
28093
2500
90322
20714
11650
89381
17640
33524
23850
37538
2448
47530
4729
39464
22549
78976
12410
43805
24784
14308
27460
4698
35325
5072
19610
54225
22685
103738
32912
38720
8669
32193
10589
505
1765
2297
16000
8885
41245
78181
6185
1549
16705
12260
50194
99234
77800
54794
12800
26504
51940
30145
18842
31213
2384
245620
7362
3664
34677
45256
40528
2248
22769
2169
4570
25778
10613
44770
1700
5105
3433
131624
2842
34469
7569
33137
32036
22285
2180
75101
22500
60296
22765
9817
7057
820
42986
29277
19045
59045
28057
20434
16333
19010
57025
9748
17298
30497
625
9565
30890
106624
7589
60925
93850
54557
13058
640
7652
56605
29978
14257
6057
657
9314
4330
86522
84580
2377
24644
10553
48449
20840
6317
15577
505
16265
50706
128258
14618
1109
59525
23953
101621
58181
64345
26498
29709
61546
7173
14138
27145
11986
25969
6269
21506
14090
44109
57690
8821
69050
7652
31554
136177
53465
20
27812
59513
45810
79130
32258
80145
5641
100882
43745
26405
38932
12340
44810
10841
14900
26452
4201
93476
3044
13625
24680
842
45898
296
14004
21361
16000
13505
5669
41828
14400
87841
124970
2689
11425
4234
18997
62525
99368
72890
14354
27304
16360
1000
23780
21794
4553
116818
12776
14297
3890
34281
7538
45832
13634
23780
35780
101978
9445
24901
10917
8249
12410
4825
49354
100612
8281
30881
70337
71578
227684
17012
47781
2260
95005
937
58756
72250
15850
87250
1205
3865
7010
160749
25909
10426
67266
16490
2952
89465
4069
96505
12610
30953
53737
15457
41780
57425
500
55897
69505
17506
262340
58693
2209
169
16505
12337
223268
15626
73706
29061
221338
1537
4930
9505
22304
680
25281
71333
26701
33498
5881
15418
31322
47440
13252
601
33002
62945
45146
119473
77645
41220
5626
11785
17768
32770
5741
5480
23153
13842
19016
16393
31429
90770
7765
54877
27220
30769
38669
36985
58049
50240
7240
77860
21760
28962
5652
68114
15170
37850
78761
46045
11813
6562
91600
109685
68360
108749
30581
35353
4770
39265
30528
8545
60068
33849
56132
60085
15385
58885
3530
6205
1384
40456
15625
43984
8026
16605
30749
30141
178384
8377
107001
22100
35005
17536
95290
19600
24641
14184
30809
59552
76865
95233
102852
12337
76772
2997
5960
41282
52621
59650
1314
89000
17945
76898
70922
130320
20873
20000
20106
10397
64754
17433
9010
24340
19345
45317
30994
36416
51284
11170
4706
17125
35201
56149
48025
12074
26449
1258
23545
62509
325
71545
15266
12178
1168
6120
21640
3364
136208
362
21845
5261
3240
1640
7301
31040
21537
38461
25808
5881
39065
481
29520
34229
116594
27252
1684
15300
90770
7250
17338
14453
14026
1285
27725
15725
1796
4297
2900
1853
42041
5317
55565
6698
153850
1765
2920
15049
16925
21097
47209
89284
102034
23042
22018
190276
36
58685
41130
9698
18628
75428
15300
38986
100480
53937
53128
34336
1490
20893
3170
19898
9005
1025
25425
21605
15746
20456
23337
14689
2637
2197
65218
4733
43625
57850
73593
19937
20525
194756
6217
79988
11461
67658
57961
22600
67889
43418
16145
26452
34349
26242
3874
178
13085
101765
22338
73781
24922
30346
160994
59746
71009
68625
45
20245
98885
14690
18737
47050
67626
7325
4850
64800
4964
12269
5108
24410
129429
1225
28001
5408
34649
54865
6437
90065
3202
27521
3613
13472
9572
584
5321
3620
7501
51545
116948
20725
27505
59218
27557
1192
40597
19762
45170
44944
9506
2561
21817
17082
77669
9077
29185
16801
8488
54665
26613
11945
12330
4453
25925
54900
10820
36250
20660
30781
60682
24100
75989
164
8738
22865
10133
32633
52625
34568
57202
15058
34820
45124
50013
13736
20393
18554
70549
648
29641
90280
2417
9178
8746
38930
698
21697
4682
1780
25561
63325
23300
2788
1849
14290
50185
70408
11866
16
89170
9040
22801
129994
56180
15908
28685
1490
18737
38690
169061
55801
21412
5392
6641
8330
11986
19858
20245
28953
42601
7816
10553
35450
73349
23504
10642
16210
13864
7330
45877
24050
30841
5252
15730
7769
87250
1010
6120
6445
60197
27353
15509
80105
5625
54577
4145
10418
18720
22100
75013
144629
1268
8090
7081
1765
125429
89762
1889
5141
278041
69732
17258
229
51201
21745
6100
86785
20725
29410
28645
15588
125450
36482
29889
43353
36612
10961
37210
30906
78602
2197
38581
577
81850
14324
26705
2320
129476
53890
79130
25345
10226
5626
18914
19226
5402
970
31642
3400
1570
841
20084
40121
157940
31210
23410
42841
178984
63850
51237
33161
121393
7461
32084
96080
19924
14690
35012
3973
12196
36965
21258
26434
23290
11492
76240
11357
86164
10970
24154
84706
33380
92365
10985
33293
44701
3625
745
44452
50728
33920
47666
26737
13610
76861
13652
176756
10805
6309
22338
5965
9808
593
100676
16930
131546
2368
11125
45233
33317
22937
12109
34817
21517
10333
6893
37850
37269
37485
29930
58329
11765
12050
44074
38813
10154
3133
15905
1360
32584
10273
72745
5840
9512
39332
4810
33556
1332
25268
27954
23458
47501
2117
106853
34756
4097
61497
28628
65669
30472
8042
29840
97949
28885
38273
21386
44053
26189
150593
4381
78938
80170
45266
850
12193
12181
306
5002
4381
22696
88740
6770
46250
7940
2448
5105
4964
67357
68485
33245
50626
17901
12605
6130
75656
19442
22409
36269
26192
104516
62690
152144
61045
63433
10733
22681
43940
16612
34157
28786
27268
83738
27716
33661
9425
73553
44225
19885
25012
40525
180305
135232
2017
14786
1625
30946
5018
31720
3856
9680
3893
115685
29653
31693
43178
10685
26365
25313
103720
47210
129410
45530
41810
24650
53833
11826
20025
38464
46121
70713
98865
21485
114649
49517
27856
34493
117701
32657
500
15156
625
6824
7065
12337
12010
80021
39089
9620
7570
5661
4797
24077
27877
15777
21805
21960
9593
10250
6976
1233
14045
3845
14900
198568
2900
29725
4410
32546
23873
36004
5650
2725
7592
81554
133636
16029
59957
75861
1490
70066
38372
21968
37348
75101
25285
8621
17026
65945
5949
2557
49850
66065
8585
60409
23528
96080
18980
55777
4689
3125
68965
14618
38884
151969
10537
29961
1865
29237
117770
72425
4250
58505
9665
12610
25337
39141
21320
32740
18946
63994
1972
87496
4265
17168
12085
170650
520
52442
2897
15685
1657
1613
327346
386
257
6925
7709
3229
901
8164
7373
152194
13994
13653
53969
44225
233785
75754
14778
18661
14065
190292
6485
14274
21125
7978
3125
14426
9040
88045
147332
173353
91829
4005
46714
69826
28496
110482
34673
57154
51748
5858
19165
8653
9864
29485
18661
17317
17440
102194
21125
134165
24832
22761
68861
105345
19225
67913
11485
23825
12538
10496
17354
488
4005
11881
17485
7913
15332
25961
14346
27250
97201
11588
77489
2610
26317
1097
72569
12116
212770
19549
3601
40808
14612
17305
2389
64741
5384
23965
69264
67077
21386
14824
4330
8330
20421
19769
13312
12946
81652
60554
8905
58
39440
62402
112489
3034
56125
132512
84541
61029
53465
78642
7970
5570
146385
70250
4729
39605
40177
53665
28948
24484
3665
18484
90797
4132
2153
10049
2386
23341
68
19408
1658
698
26450
42485
36837
30010
113242
151450
43418
9805
2218
59693
16666
13666
6817
15845
75245
29812
9409
1301
6724
5498
93348
21818
38345
9733
52065
37300
8552
12132
10121
21953
78473
63632
36346
54706
27389
1394
43641
52810
29009
84050
16970
20500
33552
95440
16921
27252
5437
29473
35113
9049
14681
5668
16057
5508
698
10282
35377
122000
6480
13437
23797
44074
21632
8788
23722
72040
13780
51805
25160
35989
26329
51866
225
98194
1544
5785
17140
21704
13514
50180
30025
16405
3925
21650
23794
22709
8660
11530
54217
10448
53140
20213
11540
26117
71492
44474
13769
25970
43105
29492
3581
29965
9104
2509
11213
62116
20980
99625
122960
72505
24037
14985
16837
119705
19584
1553
96241
7016
118340
56813
22144
23202
74740
6257
50265
2125
8840
10525
16132
57572
37445
48712
62050
33874
3505
49586
3940
1745
37529
8450
1417
37876
64013
65585
21760
59746
58369
4106
31684
33332
9896
2842
23300
2210
9257
28125
5000
161037
6922
3065
63401
3625
47450
30004
86337
16237
5981
1570
86224
7220
91645
78497
151141
2997
482
16925
30605
64016
53881
3925
9949
3944
151496
44288
69725
44434
12017
21024
3089
17629
106261
12625
32969
2440
12898
24905
8996
28730
1768
144805
22625
120794
30344
1844
49369
27785
102625
67141
8905
69473
22625
78970
14945
50098
26852
47360
8650
14596
14248
72986
27893
218
62281
21892
51332
95650
18493
32825
35125
31028
1105
12242
4985
27917
13613
31193
585
17492
26100
3845
111789
123461
3280
101873
59914
850
3625
14866
20242
53546
48425
14210
22544
8068
2146
32418
28874
66580
40330
9673
34481
131890
5938
2873
8621
461
67933
131944
87581
21008
46954
4868
38389
10585
120338
37458
43513
125497
84218
37700
12389
9221
68130
23300
27250
12205
136357
56290
5690
5521
120850
25129
9992
11570
47786
29800
8306
6570
1312
1490
35474
73930
2720
13050
6253
58981
97360
12820
14689
11170
62516
152218
85885
28372
19661
53065
34677
5209
73970
77722
72277
6868
65378
27865
26825
31400
38116
28881
57460
18497
1301
18778
6337
7393
4901
3929
3041
58725
56218
4068
86045
9209
8149
13690
16265
57746
22570
22250
7058
55962
37693
49586
57625
99280
81736
34765
49997
9001
29333
51364
26384
5345
14842
43277
2421
84386
23668
35645
55624
23965
68746
102152
7466
69745
59849
3364
41593
43650
33273
17357
9320
22562
3370
11197
12833
31345
221456
52490
137
13745
88210
143753
58825
26485
10733
1706
42341
104066
11465
52841
1325
22160
8282
4000
47450
64465
29653
2362
42260
29669
63737
2045
16769
1017
127648
6400
27101
5066
113957
33192
38330
3578
6893
680
47764
18890
28193
60493
90661
10594
8177
32266
29396
16237
11789
28769
5065
3874
94337
2788
51314
32850
64010
46325
16298
56200
145
9441
13729
29002
1885
42453
47314
26901
35037
5746
22109
8392
10961
5626
30209
2701
2749
3770
152849
21874
2720
73613
44785
23945
29045
31945
207656
2997
147969
34073
1258
36601
53573
38677
19396
4165
30545
39733
109202
11876
7418
12836
261700
96570
132661
65413
16930
11861
51250
23945
71417
25570
47065
48500
44200
11425
4168
39341
21608
43460
94120
33226
36845
123725
101
8177
30298
18133
91514
27536
183002
12785
68265
8660
24212
2842
4201
146404
16057
33857
1229
72377
50861
13138
14144
23805
12665
59833
28393
19016
70132
949
106317
32985
48865
8872
47482
3137
4500
41012
41177
61393
7825
28305
57140
49769
55850
25202
34336
19018
37700
14481
25705
17128
22600
689
9274
9809
36452
1168
14065
62945
5602
5013
5657
3560
6530
14900
18233
101410
21668
14800
1825
2197
66996
15017
6800
35410
17444
20756
74677
14578
24370
15453
26869
7501
81226
21754
21650
38386
2000
92905
28692
25925
10693
730
37330
25705
81812
28013
7146
74372
40613
28849
32405
35792
133897
6068
9565
43425
49213
11345
11485
29321
13256
30685
37685
41957
14004
40658
1802
42794
64417
66457
15560
17042
11720
87876
52706
16165
88658
15122
47636
10777
18409
34740
35514
30625
25492
35890
3442
12554
22468
7540
16840
10765
10445
24500
41225
48029
37585
7016
6224
34180
20637
36554
7538
74425
2965
5525
19345
22280
28324
68896
47437
66482
12724
44786
69250
51536
7397
117589
28673
4132
25625
32605
2650
12577
43012
22789
42802
42029
5513
81913
9610
97690
12805
14365
28962
7460
87988
7685
30825
22802
23816
174641
13465
134154
84100
25153
71578
30484
45344
43277
24021
10061
14596
33300
27145
4874
10634
9945
20605
37013
38666
40154
54730
47610
108112
13121
15460
485
50229
19346
55049
19601
1557
2297
3970
212
65578
30746
33661
53509
64520
43588
18500
135082
60817
57725
57650
17317
17704
22725
7922
35901
24665
6280
23764
12890
19989
33525
12944
4405
72125
34085
55970
18125
129137
7156
260
20365
52200
11252
66708
44725
13673
19202
11762
14500
25825
5825
23330
3649
3026
76193
17797
26605
38389
80744
8882
42250
35225
17738
45728
22580
20609
4645
26441
27625
14824
6905
13978
176768
5426
89930
17170
87200
34625
18650
45917
13253
11601
97533
48529
48445
8545
5777
10865
1777
13073
10804
7460
18208
20896
19924
61892
3176
93970
29889
19625
69354
56080
48914
2293
15680
63493
34085
4349
3250
11029
63050
92457
46804
65889
22789
151441
32845
433
124210
27157
130741
64090
29945
12104
10088
11125
10249
54773
21530
14500
5617
28649
25490
26333
18245
37850
33413
298
650
36954
43112
22580
24034
30361
3026
59669
40321
3898
685
18797
6586
754
9026
24208
320
28130
25281
2153
160621
29192
53425
5941
2340
41258
48617
126250
143141
8321
85345
4168
23720
99557
81940
52105
10778
5105
8036
15412
17978
15912
23300
11117
13801
21125
46916
12290
25049
12413
21433
10805
25010
9385
110714
45385
31252
49480
41956
3161
63730
45317
50354
11261
60500
32045
37442
8200
20794
7522
1321
144041
9865
15705
9442
27585
70325
1609
4580
32498
2952
64226
47266
4810
2105
34226
32761
25768
41197
28197
8642
5209
692
12416
18065
8820
14948
8325
64089
40148
122282
80100
11426
40868
51280
24322
1552
20725
2313
40445
39989
20000
34610
97634
25738
54842
45730
32365
416324
34640
80378
14596
27585
3880
46930
115169
1802
2960
12682
37570
7325
1960
23546
50625
19720
4176
3140
62345
7717
97786
119866
16605
33892
20673
38344
27666
158233
41777
27080
66914
65858
13012
62056
1588
5629
50805
47045
35890
14645
24649
90320
18497
14265
58228
29061
1480
157797
5338
7578
109216
12717
31117
4553
10085
96890
109525
26509
17032
10192
39752
2817
9421
32833
11920
1850
2330
9385
6970
23778
24305
5121
77922
2129
1093
2897
23569
20564
36853
24217
9657
6673
12004
6341
13028
33514
33093
18253
522
134053
38425
48529
3602
8650
9929
26297
26912
21268
36325
20360
79817
157429
25769
8989
43412
8594
25090
36490
52810
19253
41940
18850
7760
13906
82717
1930
23360
5273
25337
131209
16085
38036
36450
96050
48130
72405
12260
31226
72242
7461
3085
12148
20817
52685
12644
67097
132228
1105
24749
84545
48722
24089
27361
91890
20452
10673
2341
3152
13672
30209
100773
113337
9945
17429
28885
50234
9733
15508
29250
24229
10049
31400
14165
66640
33937
52709
9850
71325
55777
44325
3293
25378
137
24040
1553
8650
60381
10265
7913
46162
86957
9512
485
14050
11538
25965
14965
3796
5993
77265
39481
35573
79285
14365
820
21780
6970
69050
24745
82937
11161
12349
38282
962
522
1237
20250
3065
28594
59921
28145
49661
33241
22725
4706
51178
45634
18545
188882
61738
13572
7529
8480
6565
20249
394
841
44041
21865
11105
45929
25552
83250
29461
12457
28250
19825
51220
62362
25457
14596
23797
19913
8114
39456
71825
35953
39125
17713
107658
11600
18481
46210
14762
108137
33602
32122
13073
30925
118325
44210
90721
47732
49925
20617
42025
46549
21364
32365
11152
38090
35325
20745
31348
35873
981
7880
11345
90625
4916
167465
24237
39650
7369
72890
16901
147988
62345
12553
26500
41114
61672
52445
59600
39013
53969
16040
19930
22585
15997
54225
1088
10466
106714
15149
9773
1744
90869
1186
325
126440
54925
34888
3497
19585
10996
5476
5725
4457
113668
9425
63225
38441
2885
23165
110024
32497
34952
6113
30073
43105
19045
1573
72553
27250
416
18632
10170
23204
30920
19682
64402
9898
205
5602
2026
13520
72049
28594
31300
12410
6697
30356
13765
85045
9626
81908
77005
17125
38673
7380
2557
39357
1970
16936
36545
98737
95162
96637
33514
50362
4346
76064
76777
12365
57005
2477
21250
1460
5986
163466
48325
5860
16066
100125
15273
23962
154457
5732
34885
6109
105170
26849
85220
68624
46692
2705
20561
11826
79250
77589
3016
29780
53474
4880
37874
44305
27712
19001
12997
30568
54484
58117
22385
12325
2041
13396
66249
40681
76885
13226
18081
111700
10305
73481
12125
10370
41130
26969
51025
85201
36101
7261
44100
55477
9178
16105
20381
24680
8741
66146
3185
90301
10882
68269
31181
14305
84465
11140
9041
48080
9549
29602
8036
128369
23269
12148
99713
57485
14449
3026
60345
76585
6953
9252
57809
7013
57604
71209
14157
52069
85378
105442
8497
124029
39250
77393
51517
70577
20852
37220
5248
22804
10114
1285
16141
49986
32602
3205
8500
45162
7018
53465
78514
12109
9685
34164
5765
3877
27353
43136
3865
28394
10114
84253
24026
18866
33125
11464
62941
4706
2601
73481
46313
3592
89252
180185
49730
1780
62218
198085
5581
69732
3985
5024
884
58225
21205
63368
8145
9034
15277
9530
10345
16642
9665
103690
8642
7940
9657
32980
29045
58
95602
10525
59600
16154
90
36857
19762
97357
12064
18185
5218
33977
45389
12973
39065
41378
3250
6322
37978
2141
9469
7250
19792
1732
346
56725
37874
2353
14225
18442
3848
93728
49882
23504
21544
9140
37637
39440
841
2385
123705
111634
61364
18593
12665
10049
7033
54293
22117
643208
8530
38749
14357
6266
1517
13573
62725
14450
11026
12077
109370
46933
47821
19269
30340
17
23117
45050
27802
1962
36941
97000
75730
55505
37013
18896
17242
4040
105530
12625
165365
49393
10781
49985
82233
10440
16276
8177
3321
22130
50810
24026
32677
47522
1341
76149
11450
66757
1538
33898
35989
67976
23137
9953
8285
13120
14381
79025
67489
22824
30868
52484
34642
177026
313
136125
19730
49897
31354
96644
152065
27365
1620
14625
37333
14489
55012
41480
30148
3033
970
1172
68986
7081
79749
44420
8829
10565
12137
44197
4217
10090
20609
7225
3560
86281
15250
1913
7586
4673
47437
33905
3890
56480
27697
5125
4986
9061
7730
87586
36461
101410
13401
9673
51220
36853
24989
16749
1613
11728
34852
67405
10376
33178
86341
450
10370
22340
32449
33489
12913
29866
9385
46120
71821
21157
21780
389
159221
7240
20180
11425
24400
17684
4850
39770
11250
22009
39673
24674
25220
61412
39485
538
2621
31450
24565
11794
24085
4437
60613
7813
14569
29648
21970
18833
50152
17092
28565
14425
79285
4685
793
58117
21800
36305
40378
47813
6353
1066
18650
2420
10216
62530
21320
31522
6485
105337
89905
653
637
3985
28953
30269
45765
15669
1105
33620
14210
11240
79625
20410
13546
26245
15289
19925
25133
62849
24482
19769
11450
35165
63765
33661
14977
845
27701
44753
28898
52025
10305
25352
24218
10705
11465
1825
11645
19354
97
39253
13250
34121
42725
1940
17785
45506
5636
51561
14365
18605
45800
62032
16648
37000
12437
49025
17389
11216
10345
46682
1597
7650
65402
59330
40072
10701
18317
72617
7345
9425
36260
29314
10376
83492
40241
877
68452
50125
28442
733
28130
27529
50960
11521
4660
24170
75209
38369
57161
33876
17525
34349
125738
144605
11602
26117
51050
23985
18778
32672
91565
7666
87938
10177
18517
58628
26500
128354
123826
970
21097
35876
14116
11828
3146
28265
65314
32122
2313
226
10469
18512
325
148617
4581
48361
38162
19204
2405
44433
39316
27565
5713
33778
18937
9797
2693
24930
15929
19477
9524
9049
9041
22817
14752
1412
70549
33309
34274
10690
17056
3140
15626
25469
5669
26141
11412
61837
24445
22637
17297
10082
47821
5993
59986
109381
23229
10249
32698
80650
3721
39133
2482
977
24737
98090
55109
4073
20681
2120
44098
177748
56066
100714
5300
23546
200945
88740
22810
2885
25825
31258
18500
12104
59845
25096
117665
63065
57677
20449
52826
39546
30146
5185
70801
26756
20313
23697
31265
24565
40768
32237
1972
61544
11513
18757
21169
36581
34765
37960
43444
138865
4162
4861
30634
6760
12997
24889
79837
1345
15493
33732
72245
33850
18914
12584
4474
38554
680
1082
45088
17557
18226
14825
22685
111744
5674
12416
9536
19093
7208
13221
8410
30465
60205
23465
18562
1508
55760
27161
4321
5328
66874
87364
15170
6201
22996
23645
49517
75344
21634
47620
67280
117826
1354
45325
2756
30196
65000
4537
47450
37729
8105
1649
17396
4505
6100
13978
1625
51466
11177
8674
10980
12713
2930
30164
23840
23257
61625
16218
16
15080
23354
87658
36905
76882
17649
11570
6425
1280
48914
80516
103069
34669
15013
28273
7540
97544
9137
20282
2081
82592
26896
20660
223834
9808
59141
21041
1640
119444
16106
5672
3725
74665
54612
86445
127042
2357
41053
14153
22765
38725
3482
18100
10730
33361
8642
40426
78228
12853
3946
86761
15641
11090
46160
6661
19844
2050
100277
26721
33653
36625
10553
13450
35125
28085
14005
109768
15538
26245
93109
38600
45712
112994
8410
43796
11817
24941
8698
6565
91944
5746
51545
38845
46372
33192
10420
57049
23141
31697
6002
27146
88241
91040
46429
1940
7684
12580
15625
1604
27112
19994
3769
50170
38420
2986
14689
21257
18450
27793
1225
58474
41625
17581
11890
31912
60052
3137
110045
11617
6066
5626
87200
6890
8410
584
62820
27908
26596
18082
36905
54629
8545
47197
23677
2137
102689
7252
5417
99881
83880
67405
14969
16265
14373
13625
9236
33920
15997
12805
27560
4033
47108
112489
21969
21556
1160
4121
16452
32885
296
12890
5209
1138
21892
20050
56473
26281
2592
3393
35752
69093
92053
15184
11065
22714
30069
26042
22004
98669
21605
10625
20313
22130
39185
20434
1017
27010
83572
34970
1853
76040
24642
26533
7345
10985
24193
40493
14213
73225
3985
21533
36145
24372
86122
14930
2285
21466
22285
11674
15305
13714
14473
3929
30050
30056
18785
29945
92021
124948
27572
32800
2516
6205
3044
65465
18045
24085
922
34249
67076
25402
2704
1157
17101
29809
18082
680
3161
79913
12937
36020
24466
77333
61642
7354
91460
45860
26525
27637
59648
23810
16529
28730
200
89104
170
47045
50965
172057
26245
6970
11881
9653
57818
14797
6305
23629
23504
10324
884
5581
49645
1053
20050
47016
7325
14474
223525
83861
50020
5389
24805
20052
48490
5309
2693
16945
2041
2005
5557
85940
45538
33332
62105
5525
53828
49040
74209
11752
2041
24488
11650
32625
3730
72001
14804
40082
1445
41760
13921
40589
6772
41885
141365
81040
14096
653
